300	299.600000000000	298.500000000000	297.900000000000	297	296.100000000000	296.200000000000	296.300000000000	297.800000000000
325	324.500000000000	323.300000000000	322.700000000000	321.700000000000	320.800000000000	320.900000000000	320.900000000000	322.600000000000
350	349.500000000000	348.200000000000	347.500000000000	346.500000000000	345.400000000000	345.500000000000	345.600000000000	347.500000000000
375	374.500000000000	373	372.300000000000	371.200000000000	370.100000000000	370.100000000000	370.200000000000	372.300000000000
400	399.400000000000	397.900000000000	397.100000000000	395.900000000000	394.700000000000	394.800000000000	394.900000000000	397.100000000000
425	424.400000000000	422.700000000000	421.900000000000	420.600000000000	419.300000000000	419.400000000000	419.500000000000	421.900000000000
450	449.300000000000	447.500000000000	446.700000000000	445.200000000000	443.900000000000	444	444.200000000000	446.600000000000
475	474.300000000000	472.400000000000	471.500000000000	469.900000000000	468.500000000000	468.700000000000	468.800000000000	471.400000000000
500	499.200000000000	497.200000000000	496.200000000000	494.600000000000	493.100000000000	493.300000000000	493.400000000000	496.200000000000
525	524.200000000000	522	521	519.200000000000	517.600000000000	517.900000000000	518	521
550	549.100000000000	546.800000000000	545.700000000000	543.900000000000	542.200000000000	542.500000000000	542.600000000000	545.800000000000
575	574.100000000000	571.600000000000	570.500000000000	568.500000000000	566.700000000000	567.100000000000	567.200000000000	570.600000000000
600	599	596.400000000000	595.200000000000	593.200000000000	591.300000000000	591.600000000000	591.800000000000	595.400000000000
625	624	621.200000000000	619.900000000000	617.800000000000	615.800000000000	616.200000000000	616.400000000000	620.100000000000
650	648.900000000000	646	644.700000000000	642.400000000000	640.300000000000	640.800000000000	641	644.900000000000
675	673.900000000000	670.800000000000	669.400000000000	667	664.800000000000	665.400000000000	665.600000000000	669.700000000000
700	698.800000000000	695.600000000000	694.100000000000	691.600000000000	689.300000000000	689.900000000000	690.200000000000	694.500000000000
725	723.700000000000	720.400000000000	718.800000000000	716.200000000000	713.800000000000	714.500000000000	714.700000000000	719.200000000000
750	748.700000000000	745.100000000000	743.500000000000	740.800000000000	738.300000000000	739.100000000000	739.300000000000	744
775	773.600000000000	769.900000000000	768.200000000000	765.400000000000	762.800000000000	763.600000000000	763.900000000000	768.800000000000
800	798.500000000000	794.700000000000	792.900000000000	790	787.200000000000	788.200000000000	788.400000000000	793.500000000000
825	823.500000000000	819.400000000000	817.600000000000	814.500000000000	811.700000000000	812.700000000000	813	818.300000000000
850	848.400000000000	844.200000000000	842.300000000000	839.100000000000	836.100000000000	837.300000000000	837.500000000000	843
875	873.300000000000	869	866.900000000000	863.600000000000	860.600000000000	861.800000000000	862.100000000000	867.800000000000
900	898.300000000000	893.700000000000	891.600000000000	888.200000000000	885	886.300000000000	886.600000000000	892.600000000000
925	923.200000000000	918.400000000000	916.300000000000	912.700000000000	909.500000000000	910.900000000000	911.200000000000	917.300000000000
950	948.100000000000	943.200000000000	940.900000000000	937.300000000000	933.900000000000	935.400000000000	935.700000000000	942.100000000000
975	973.100000000000	967.900000000000	965.600000000000	961.800000000000	958.300000000000	959.900000000000	960.200000000000	966.800000000000
1000	998	992.700000000000	990.200000000000	986.300000000000	982.700000000000	984.500000000000	984.800000000000	991.600000000000
1025	1022.90000000000	1017.40000000000	1014.90000000000	1010.90000000000	1007.10000000000	1009	1009.30000000000	1016.40000000000
1050	1047.80000000000	1042.10000000000	1039.50000000000	1035.40000000000	1031.50000000000	1033.50000000000	1033.80000000000	1041.10000000000
1075	1072.70000000000	1066.80000000000	1064.20000000000	1059.90000000000	1055.90000000000	1058	1058.40000000000	1065.90000000000
1100	1097.70000000000	1091.60000000000	1088.80000000000	1084.40000000000	1080.30000000000	1082.50000000000	1082.90000000000	1090.60000000000
1125	1122.60000000000	1116.30000000000	1113.40000000000	1108.90000000000	1104.70000000000	1107	1107.40000000000	1115.40000000000
1150	1147.50000000000	1141	1138.10000000000	1133.40000000000	1129.10000000000	1131.60000000000	1131.90000000000	1140.10000000000
1175	1172.40000000000	1165.70000000000	1162.70000000000	1157.90000000000	1153.50000000000	1156.10000000000	1156.50000000000	1164.90000000000
1200	1197.30000000000	1190.40000000000	1187.30000000000	1182.40000000000	1177.90000000000	1180.60000000000	1181	1189.60000000000
1225	1222.20000000000	1215.10000000000	1211.90000000000	1206.90000000000	1202.20000000000	1205.10000000000	1205.50000000000	1214.30000000000
1250	1247.10000000000	1239.80000000000	1236.50000000000	1231.30000000000	1226.60000000000	1229.60000000000	1230	1239.10000000000
1275	1272	1264.50000000000	1261.20000000000	1255.80000000000	1251	1254.10000000000	1254.50000000000	1263.80000000000
1300	1297	1289.20000000000	1285.80000000000	1280.30000000000	1275.30000000000	1278.60000000000	1279	1288.60000000000
1325	1321.90000000000	1313.90000000000	1310.40000000000	1304.80000000000	1299.70000000000	1303.10000000000	1303.50000000000	1313.30000000000
1350	1346.80000000000	1338.60000000000	1335	1329.20000000000	1324	1327.60000000000	1328	1338.10000000000
1375	1371.70000000000	1363.30000000000	1359.60000000000	1353.70000000000	1348.40000000000	1352.10000000000	1352.50000000000	1362.80000000000
1400	1396.60000000000	1387.90000000000	1384.20000000000	1378.10000000000	1372.70000000000	1376.60000000000	1377	1387.60000000000
1425	1421.50000000000	1412.60000000000	1408.70000000000	1402.60000000000	1397	1401	1401.50000000000	1412.30000000000
1450	1446.40000000000	1437.30000000000	1433.30000000000	1427	1421.40000000000	1425.50000000000	1426	1437
1475	1471.30000000000	1462	1457.90000000000	1451.50000000000	1445.70000000000	1450	1450.50000000000	1461.80000000000
1500	1496.20000000000	1486.60000000000	1482.50000000000	1475.90000000000	1470	1474.50000000000	1475	1486.50000000000
1525	1521.10000000000	1511.80000000000	1507.10000000000	1500.40000000000	1494.40000000000	1499	1499.50000000000	1511.30000000000
1550	1546	1536	1531.70000000000	1524.80000000000	1518.70000000000	1523.50000000000	1524	1536
1575	1570.90000000000	1560.60000000000	1556.20000000000	1549.30000000000	1543	1548	1548.50000000000	1560.70000000000
1600	1595.80000000000	1585.30000000000	1580.80000000000	1573.70000000000	1567.30000000000	1572.40000000000	1573	1585.50000000000
1625	1620.70000000000	1610	1605.40000000000	1598.10000000000	1591.60000000000	1596.90000000000	1597.50000000000	1610.20000000000
1650	1645.60000000000	1634.60000000000	1629.90000000000	1622.50000000000	1615.90000000000	1621.40000000000	1622	1634.90000000000
1675	1670.50000000000	1659.30000000000	1654.50000000000	1647	1640.20000000000	1645.90000000000	1646.50000000000	1659.70000000000
1700	1695.30000000000	1683.90000000000	1679.10000000000	1671.40000000000	1664.50000000000	1670.30000000000	1670.90000000000	1684.40000000000