0.4	0.885
0.5	0.93
0.6	0.965
0.64	0.965
0.66	0.965
0.7	0.965
1.0001	0.9648
1.0003	0.9648
1.0005	0.9649
1.0007	0.9649
1.0009	0.9649
1.0011	0.9649
1.0012	0.9648
1.0014	0.9648
1.0016	0.9648
1.0018	0.9648
1.002	0.9648
1.0022	0.9648
1.0024	0.9649
1.0026	0.9649
1.0028	0.9649
1.003	0.9649
1.0032	0.965
1.0034	0.965
1.0036	0.9651
1.0038	0.9651
1.004	0.9651
1.0042	0.9652
1.0044	0.9651
1.0045	0.9651
1.0047	0.9651
1.0049	0.9651
1.0051	0.9651
1.0053	0.9651
1.0055	0.9651
1.0057	0.965
1.0059	0.965
1.0061	0.9649
1.0063	0.9649
1.0065	0.9649
1.0067	0.9649
1.0069	0.965
1.0071	0.965
1.0073	0.965
1.0075	0.965
1.0077	0.965
1.0079	0.9649
1.0081	0.9649
1.0083	0.9649
1.0085	0.9649
1.0086	0.965
1.0088	0.9651
1.009	0.9652
1.0092	0.9653
1.0094	0.9653
1.0096	0.9654
1.0098	0.9655
1.01	0.9655
1.0102	0.9655
1.0104	0.9654
1.0106	0.9654
1.0108	0.9653
1.011	0.9652
1.0112	0.9651
1.0114	0.965
1.0116	0.965
1.0118	0.965
1.012	0.965
1.0122	0.965
1.0124	0.965
1.0126	0.965
1.0128	0.9651
1.013	0.9651
1.0132	0.9652
1.0134	0.9652
1.0136	0.9652
1.0138	0.9652
1.014	0.9652
1.0142	0.9652
1.0144	0.9652
1.0146	0.9652
1.0148	0.9652
1.015	0.9652
1.0152	0.9653
1.0154	0.9653
1.0156	0.9654
1.0158	0.9654
1.016	0.9654
1.0162	0.9655
1.0164	0.9655
1.0166	0.9655
1.0168	0.9655
1.017	0.9655
1.0172	0.9655
1.0174	0.9655
1.0176	0.9654
1.0178	0.9655
1.018	0.9655
1.0182	0.9655
1.0184	0.9656
1.0186	0.9656
1.0188	0.9656
1.019	0.9657
1.0192	0.9657
1.0194	0.9657
1.0196	0.9657
1.0198	0.9657
1.02	0.9657
1.0202	0.9657
1.0204	0.9657
1.0206	0.9657
1.0208	0.9658
1.021	0.9658
1.0212	0.9659
1.0214	0.9659
1.0216	0.9658
1.0218	0.9658
1.022	0.9657
1.0222	0.9656
1.0224	0.9656
1.0226	0.9655
1.0228	0.9655
1.023	0.9655
1.0232	0.9655
1.0234	0.9655
1.0236	0.9655
1.0238	0.9655
1.024	0.9655
1.0242	0.9656
1.0244	0.9656
1.0246	0.9656
1.0248	0.9657
1.025	0.9657
1.0252	0.9657
1.0254	0.9657
1.0256	0.9656
1.0258	0.9656
1.026	0.9655
1.0262	0.9655
1.0264	0.9655
1.0266	0.9654
1.0268	0.9654
1.027	0.9654
1.0272	0.9654
1.0274	0.9655
1.0276	0.9655
1.0278	0.9655
1.028	0.9656
1.0283	0.9656
1.0285	0.9656
1.0287	0.9656
1.0289	0.9656
1.0291	0.9656
1.0293	0.9656
1.0295	0.9656
1.0297	0.9656
1.0299	0.9655
1.0301	0.9655
1.0303	0.9655
1.0305	0.9654
1.0307	0.9653
1.0309	0.9653
1.0311	0.9652
1.0313	0.9652
1.0315	0.9652
1.0317	0.9652
1.0319	0.9652
1.0321	0.9653
1.0323	0.9653
1.0326	0.9654
1.0328	0.9654
1.033	0.9654
1.0332	0.9654
1.0334	0.9654
1.0336	0.9654
1.0338	0.9654
1.034	0.9654
1.0342	0.9654
1.0344	0.9654
1.0346	0.9654
1.0348	0.9654
1.035	0.9653
1.0352	0.9653
1.0354	0.9653
1.0356	0.9653
1.0359	0.9654
1.0361	0.9654
1.0363	0.9654
1.0365	0.9653
1.0367	0.9653
1.0369	0.9653
1.0371	0.9652
1.0373	0.9652
1.0375	0.9651
1.0377	0.965
1.0379	0.965
1.0381	0.9649
1.0383	0.9649
1.0385	0.9648
1.0388	0.9648
1.039	0.9649
1.0392	0.9649
1.0394	0.965
1.0396	0.965
1.0398	0.965
1.04	0.965
1.0402	0.965
1.0404	0.9649
1.0406	0.9649
1.0408	0.9648
1.041	0.9648
1.0413	0.9647
1.0415	0.9647
1.0417	0.9647
1.0419	0.9647
1.0421	0.9647
1.0423	0.9647
1.0425	0.9648
1.0427	0.9648
1.0429	0.9649
1.0431	0.9649
1.0434	0.9649
1.0436	0.9649
1.0438	0.9649
1.044	0.9648
1.0442	0.9648
1.0444	0.9648
1.0446	0.9648
1.0448	0.9648
1.045	0.9648
1.0452	0.9648
1.0455	0.9649
1.0457	0.9649
1.0459	0.9649
1.0461	0.9648
1.0463	0.9648
1.0465	0.9648
1.0467	0.9647
1.0469	0.9647
1.0471	0.9647
1.0474	0.9647
1.0476	0.9647
1.0478	0.9647
1.048	0.9647
1.0482	0.9647
1.0484	0.9647
1.0486	0.9647
1.0488	0.9647
1.0491	0.9648
1.0493	0.9648
1.0495	0.9648
1.0497	0.9649
1.0499	0.9649
1.0501	0.9649
1.0503	0.9648
1.0505	0.9648
1.0508	0.9647
1.051	0.9646
1.0512	0.9645
1.0514	0.9645
1.0516	0.9644
1.0518	0.9644
1.052	0.9644
1.0522	0.9644
1.0525	0.9645
1.0527	0.9645
1.0529	0.9646
1.0531	0.9647
1.0533	0.9648
1.0535	0.9648
1.0537	0.9649
1.054	0.9649
1.0542	0.9648
1.0544	0.9648
1.0546	0.9647
1.0548	0.9647
1.055	0.9646
1.0552	0.9646
1.0555	0.9646
1.0557	0.9646
1.0559	0.9647
1.0561	0.9647
1.0563	0.9648
1.0565	0.9648
1.0567	0.9648
1.057	0.9647
1.0572	0.9647
1.0574	0.9646
1.0576	0.9645
1.0578	0.9645
1.058	0.9644
1.0583	0.9644
1.0585	0.9643
1.0587	0.9643
1.0589	0.9643
1.0591	0.9642
1.0593	0.9642
1.0596	0.9641
1.0598	0.9641
1.06	0.9641
1.0602	0.9641
1.0604	0.964
1.0606	0.964
1.0609	0.9641
1.0611	0.9641
1.0613	0.9641
1.0615	0.9641
1.0617	0.9642
1.0619	0.9642
1.0622	0.9642
1.0624	0.9642
1.0626	0.9642
1.0628	0.9642
1.063	0.9642
1.0632	0.9642
1.0635	0.9641
1.0637	0.9641
1.0639	0.964
1.0641	0.964
1.0643	0.964
1.0646	0.9639
1.0648	0.9639
1.065	0.9639
1.0652	0.9638
1.0654	0.9638
1.0657	0.9637
1.0659	0.9636
1.0661	0.9636
1.0663	0.9636
1.0665	0.9636
1.0667	0.9636
1.067	0.9636
1.0672	0.9636
1.0674	0.9636
1.0676	0.9636
1.0678	0.9636
1.0681	0.9636
1.0683	0.9636
1.0685	0.9636
1.0687	0.9636
1.0689	0.9636
1.0692	0.9636
1.0694	0.9635
1.0696	0.9635
1.0698	0.9635
1.0701	0.9635
1.0703	0.9635
1.0705	0.9635
1.0707	0.9635
1.0709	0.9635
1.0712	0.9634
1.0714	0.9634
1.0716	0.9634
1.0718	0.9634
1.072	0.9633
1.0723	0.9632
1.0725	0.9632
1.0727	0.9631
1.0729	0.9631
1.0732	0.9631
1.0734	0.9631
1.0736	0.9631
1.0738	0.9631
1.074	0.9631
1.0743	0.9631
1.0745	0.9631
1.0747	0.9631
1.0749	0.9631
1.0752	0.9631
1.0754	0.9631
1.0756	0.963
1.0758	0.963
1.076	0.963
1.0763	0.9631
1.0765	0.9631
1.0767	0.9632
1.0769	0.9632
1.0772	0.9633
1.0774	0.9633
1.0776	0.9633
1.0778	0.9633
1.0781	0.9633
1.0783	0.9633
1.0785	0.9633
1.0787	0.9632
1.079	0.9632
1.0792	0.9632
1.0794	0.9632
1.0796	0.9631
1.0799	0.9631
1.0801	0.9631
1.0803	0.9631
1.0805	0.9631
1.0808	0.9631
1.081	0.9631
1.0812	0.963
1.0814	0.963
1.0817	0.963
1.0819	0.9629
1.0821	0.9629
1.0823	0.9629
1.0826	0.9629
1.0828	0.9628
1.083	0.9628
1.0832	0.9628
1.0835	0.9627
1.0837	0.9627
1.0839	0.9627
1.0841	0.9627
1.0844	0.9627
1.0846	0.9628
1.0848	0.9628
1.0851	0.9628
1.0853	0.9629
1.0855	0.9629
1.0857	0.9628
1.086	0.9628
1.0862	0.9628
1.0864	0.9627
1.0866	0.9627
1.0869	0.9627
1.0871	0.9626
1.0873	0.9626
1.0876	0.9626
1.0878	0.9626
1.088	0.9626
1.0882	0.9626
1.0885	0.9626
1.0887	0.9626
1.0889	0.9626
1.0892	0.9626
1.0894	0.9627
1.0896	0.9627
1.0898	0.9628
1.0901	0.9628
1.0903	0.9629
1.0905	0.9628
1.0908	0.9628
1.091	0.9628
1.0912	0.9627
1.0914	0.9626
1.0917	0.9626
1.0919	0.9625
1.0921	0.9625
1.0924	0.9624
1.0926	0.9624
1.0928	0.9625
1.0931	0.9625
1.0933	0.9625
1.0935	0.9626
1.0937	0.9626
1.094	0.9626
1.0942	0.9626
1.0944	0.9625
1.0947	0.9625
1.0949	0.9625
1.0951	0.9625
1.0954	0.9625
1.0956	0.9625
1.0958	0.9626
1.0961	0.9626
1.0963	0.9626
1.0965	0.9626
1.0968	0.9626
1.097	0.9626
1.0972	0.9626
1.0975	0.9627
1.0977	0.9627
1.0979	0.9628
1.0982	0.9628
1.0984	0.9628
1.0986	0.9628
1.0988	0.9627
1.0991	0.9627
1.0993	0.9627
1.0995	0.9626
1.0998	0.9626
1.1	0.9626
1.1002	0.9626
1.1005	0.9626
1.1007	0.9626
1.1009	0.9627
1.1012	0.9627
1.1014	0.9627
1.1017	0.9627
1.1019	0.9627
1.1021	0.9627
1.1024	0.9627
1.1026	0.9627
1.1028	0.9628
1.1031	0.9628
1.1033	0.9628
1.1035	0.9627
1.1038	0.9627
1.104	0.9627
1.1042	0.9627
1.1045	0.9627
1.1047	0.9627
1.1049	0.9627
1.1052	0.9627
1.1054	0.9627
1.1056	0.9627
1.1059	0.9627
1.1061	0.9627
1.1064	0.9627
1.1066	0.9627
1.1068	0.9628
1.1071	0.9628
1.1073	0.9627
1.1075	0.9627
1.1078	0.9627
1.108	0.9626
1.1082	0.9626
1.1085	0.9626
1.1087	0.9626
1.109	0.9625
1.1092	0.9625
1.1094	0.9625
1.1097	0.9625
1.1099	0.9624
1.1101	0.9624
1.1104	0.9624
1.1106	0.9623
1.1109	0.9623
1.1111	0.9623
1.1113	0.9623
1.1116	0.9623
1.1118	0.9623
1.112	0.9623
1.1123	0.9623
1.1125	0.9623
1.1128	0.9623
1.113	0.9622
1.1132	0.9622
1.1135	0.9621
1.1137	0.962
1.114	0.962
1.1142	0.962
1.1144	0.962
1.1147	0.962
1.1149	0.9621
1.1152	0.9622
1.1154	0.9622
1.1156	0.9622
1.1159	0.9622
1.1161	0.9622
1.1164	0.9622
1.1166	0.9622
1.1168	0.9621
1.1171	0.962
1.1173	0.962
1.1176	0.9619
1.1178	0.9619
1.118	0.9618
1.1183	0.9617
1.1185	0.9617
1.1188	0.9616
1.119	0.9616
1.1192	0.9617
1.1195	0.9617
1.1197	0.9617
1.12	0.9617
1.1202	0.9617
1.1205	0.9617
1.1207	0.9616
1.1209	0.9616
1.1212	0.9616
1.1214	0.9615
1.1217	0.9615
1.1219	0.9615
1.1222	0.9616
1.1224	0.9616
1.1226	0.9616
1.1229	0.9617
1.1231	0.9617
1.1234	0.9617
1.1236	0.9617
1.1239	0.9616
1.1241	0.9615
1.1243	0.9614
1.1246	0.9613
1.1248	0.9612
1.1251	0.9611
1.1253	0.9611
1.1256	0.9611
1.1258	0.961
1.1261	0.961
1.1263	0.961
1.1265	0.961
1.1268	0.9609
1.127	0.9609
1.1273	0.9609
1.1275	0.9609
1.1278	0.9608
1.128	0.9608
1.1283	0.9607
1.1285	0.9607
1.1287	0.9606
1.129	0.9605
1.1292	0.9605
1.1295	0.9604
1.1297	0.9604
1.13	0.9603
1.1302	0.9602
1.1305	0.9601
1.1307	0.96
1.131	0.9599
1.1312	0.9598
1.1315	0.9597
1.1317	0.9596
1.132	0.9596
1.1322	0.9596
1.1324	0.9597
1.1327	0.9598
1.1329	0.9599
1.1332	0.96
1.1334	0.9601
1.1337	0.9602
1.1339	0.9603
1.1342	0.9603
1.1344	0.9604
1.1347	0.9603
1.1349	0.9603
1.1352	0.9602
1.1354	0.9601
1.1357	0.96
1.1359	0.9598
1.1362	0.9597
1.1364	0.9596
1.1367	0.9596
1.1369	0.9595
1.1372	0.9594
1.1374	0.9594
1.1377	0.9594
1.1379	0.9594
1.1382	0.9594
1.1384	0.9593
1.1387	0.9593
1.1389	0.9592
1.1392	0.9592
1.1394	0.9591
1.1397	0.959
1.1399	0.959
1.1402	0.9589
1.1404	0.9589
1.1407	0.9589
1.1409	0.9588
1.1412	0.9588
1.1414	0.9588
1.1417	0.9588
1.1419	0.9588
1.1422	0.9588
1.1424	0.9587
1.1427	0.9587
1.1429	0.9586
1.1432	0.9586
1.1434	0.9585
1.1437	0.9585
1.1439	0.9584
1.1442	0.9584
1.1444	0.9583
1.1447	0.9583
1.1449	0.9582
1.1452	0.9582
1.1455	0.9582
1.1457	0.9582
1.146	0.9582
1.1462	0.9583
1.1465	0.9583
1.1467	0.9582
1.147	0.9582
1.1472	0.9582
1.1475	0.9581
1.1477	0.9581
1.148	0.9581
1.1482	0.9581
1.1485	0.9581
1.1488	0.9581
1.149	0.9582
1.1493	0.9582
1.1495	0.9583
1.1498	0.9583
1.15	0.9583
1.1503	0.9582
1.1505	0.9582
1.1508	0.9582
1.151	0.9582
1.1513	0.9582
1.1516	0.9582
1.1518	0.9582
1.1521	0.9583
1.1523	0.9583
1.1526	0.9583
1.1528	0.9582
1.1531	0.9582
1.1534	0.9581
1.1536	0.958
1.1539	0.958
1.1541	0.9579
1.1544	0.9579
1.1546	0.9578
1.1549	0.9578
1.1551	0.9578
1.1554	0.9578
1.1557	0.9579
1.1559	0.9579
1.1562	0.9579
1.1564	0.958
1.1567	0.958
1.157	0.958
1.1572	0.9581
1.1575	0.9581
1.1577	0.9581
1.158	0.9582
1.1582	0.9582
1.1585	0.9582
1.1588	0.9582
1.159	0.9582
1.1593	0.9582
1.1595	0.9581
1.1598	0.958
1.1601	0.958
1.1603	0.9579
1.1606	0.9578
1.1608	0.9578
1.1611	0.9578
1.1614	0.9578
1.1616	0.9579
1.1619	0.9579
1.1621	0.958
1.1624	0.958
1.1627	0.9579
1.1629	0.9579
1.1632	0.9578
1.1634	0.9578
1.1637	0.9577
1.164	0.9577
1.1642	0.9576
1.1645	0.9576
1.1648	0.9576
1.165	0.9576
1.1653	0.9576
1.1655	0.9577
1.1658	0.9577
1.1661	0.9578
1.1663	0.9578
1.1666	0.9578
1.1668	0.9578
1.1671	0.9578
1.1674	0.9578
1.1676	0.9578
1.1679	0.9578
1.1682	0.9578
1.1684	0.9578
1.1687	0.9578
1.169	0.9578
1.1692	0.9577
1.1695	0.9577
1.1697	0.9576
1.17	0.9575
1.1703	0.9575
1.1705	0.9574
1.1708	0.9574
1.1711	0.9574
1.1713	0.9575
1.1716	0.9575
1.1719	0.9575
1.1721	0.9576
1.1724	0.9576
1.1727	0.9576
1.1729	0.9576
1.1732	0.9575
1.1734	0.9575
1.1737	0.9575
1.174	0.9574
1.1742	0.9574
1.1745	0.9574
1.1748	0.9574
1.175	0.9573
1.1753	0.9573
1.1756	0.9573
1.1758	0.9573
1.1761	0.9573
1.1764	0.9573
1.1766	0.9573
1.1769	0.9574
1.1772	0.9574
1.1774	0.9575
1.1777	0.9575
1.178	0.9575
1.1782	0.9574
1.1785	0.9574
1.1788	0.9574
1.1791	0.9574
1.1793	0.9574
1.1796	0.9574
1.1799	0.9574
1.1801	0.9574
1.1804	0.9574
1.1807	0.9574
1.1809	0.9575
1.1812	0.9575
1.1815	0.9575
1.1817	0.9576
1.182	0.9576
1.1823	0.9576
1.1825	0.9577
1.1828	0.9577
1.1831	0.9576
1.1834	0.9576
1.1836	0.9575
1.1839	0.9574
1.1842	0.9573
1.1844	0.9572
1.1847	0.9571
1.185	0.9571
1.1852	0.957
1.1855	0.9571
1.1858	0.9571
1.1861	0.9571
1.1863	0.9572
1.1866	0.9572
1.1869	0.9572
1.1871	0.9572
1.1874	0.9571
1.1877	0.9571
1.188	0.9571
1.1882	0.957
1.1885	0.957
1.1888	0.957
1.1891	0.957
1.1893	0.957
1.1896	0.957
1.1899	0.9571
1.1901	0.9571
1.1904	0.9572
1.1907	0.9572
1.191	0.9573
1.1912	0.9573
1.1915	0.9573
1.1918	0.9572
1.1921	0.9572
1.1923	0.9571
1.1926	0.957
1.1929	0.9569
1.1932	0.9569
1.1934	0.9569
1.1937	0.9569
1.194	0.957
1.1943	0.957
1.1945	0.9571
1.1948	0.9571
1.1951	0.9571
1.1954	0.9571
1.1956	0.9571
1.1959	0.9571
1.1962	0.9572
1.1965	0.9572
1.1967	0.9572
1.197	0.9572
1.1973	0.9571
1.1976	0.9571
1.1978	0.957
1.1981	0.9569
1.1984	0.9568
1.1987	0.9568
1.199	0.9567
1.1992	0.9566
1.1995	0.9566
1.1998	0.9566
1.2001	0.9566
1.2003	0.9567
1.2006	0.9568
1.2009	0.9569
1.2012	0.9571
1.2015	0.9572
1.2017	0.9573
1.202	0.9573
1.2023	0.9573
1.2026	0.9572
1.2028	0.9571
1.2031	0.957
1.2034	0.9568
1.2037	0.9567
1.204	0.9566
1.2042	0.9566
1.2045	0.9566
1.2048	0.9567
1.2051	0.9568
1.2054	0.9569
1.2056	0.957
1.2059	0.9571
1.2062	0.9572
1.2065	0.9572
1.2068	0.9573
1.207	0.9573
1.2073	0.9574
1.2076	0.9574
1.2079	0.9574
1.2082	0.9574
1.2085	0.9573
1.2087	0.9573
1.209	0.9572
1.2093	0.9572
1.2096	0.9572
1.2099	0.9572
1.2101	0.9572
1.2104	0.9572
1.2107	0.9572
1.211	0.9571
1.2113	0.9571
1.2116	0.957
1.2118	0.9569
1.2121	0.9569
1.2124	0.9569
1.2127	0.9569
1.213	0.9569
1.2133	0.957
1.2135	0.957
1.2138	0.9571
1.2141	0.9571
1.2144	0.9572
1.2147	0.9572
1.215	0.9572
1.2152	0.9572
1.2155	0.9572
1.2158	0.9572
1.2161	0.9572
1.2164	0.9572
1.2167	0.9571
1.217	0.9571
1.2172	0.957
1.2175	0.957
1.2178	0.9569
1.2181	0.9568
1.2184	0.9568
1.2187	0.9568
1.219	0.9569
1.2192	0.9569
1.2195	0.9569
1.2198	0.9569
1.2201	0.9569
1.2204	0.9569
1.2207	0.9568
1.221	0.9568
1.2213	0.9568
1.2215	0.9569
1.2218	0.9569
1.2221	0.957
1.2224	0.9571
1.2227	0.9572
1.223	0.9572
1.2233	0.9572
1.2236	0.9572
1.2239	0.9571
1.2241	0.957
1.2244	0.9569
1.2247	0.9567
1.225	0.9565
1.2253	0.9563
1.2256	0.9562
1.2259	0.9561
1.2262	0.9561
1.2265	0.9561
1.2267	0.9561
1.227	0.9561
1.2273	0.9561
1.2276	0.9561
1.2279	0.9562
1.2282	0.9562
1.2285	0.9561
1.2288	0.9561
1.2291	0.9561
1.2294	0.956
1.2297	0.956
1.2299	0.956
1.2302	0.956
1.2305	0.956
1.2308	0.956
1.2311	0.956
1.2314	0.956
1.2317	0.956
1.232	0.956
1.2323	0.956
1.2326	0.9561
1.2329	0.9562
1.2332	0.9562
1.2335	0.9563
1.2338	0.9563
1.234	0.9562
1.2343	0.9562
1.2346	0.9561
1.2349	0.956
1.2352	0.9559
1.2355	0.9558
1.2358	0.9557
1.2361	0.9556
1.2364	0.9555
1.2367	0.9554
1.237	0.9552
1.2373	0.9551
1.2376	0.955
1.2379	0.955
1.2382	0.9549
1.2385	0.9548
1.2388	0.9547
1.2391	0.9547
1.2394	0.9547
1.2397	0.9547
1.2399	0.9547
1.2402	0.9547
1.2405	0.9547
1.2408	0.9547
1.2411	0.9546
1.2414	0.9545
1.2417	0.9544
1.242	0.9542
1.2423	0.9541
1.2426	0.9539
1.2429	0.9538
1.2432	0.9538
1.2435	0.9537
1.2438	0.9538
1.2441	0.9538
1.2444	0.9539
1.2447	0.954
1.245	0.954
1.2453	0.9541
1.2456	0.9541
1.2459	0.9541
1.2462	0.9541
1.2465	0.9541
1.2468	0.9542
1.2471	0.9542
1.2474	0.9543
1.2477	0.9543
1.248	0.9542
1.2483	0.9542
1.2486	0.9542
1.2489	0.9542
1.2492	0.9542
1.2495	0.9542
1.2498	0.9542
1.2501	0.9542
1.2504	0.9542
1.2507	0.9542
1.251	0.9542
1.2513	0.9542
1.2516	0.9543
1.2519	0.9544
1.2522	0.9545
1.2525	0.9547
1.2528	0.9548
1.2531	0.9549
1.2534	0.955
1.2537	0.9551
1.254	0.9552
1.2543	0.9553
1.2546	0.9554
1.255	0.9554
1.2553	0.9554
1.2556	0.9555
1.2559	0.9555
1.2562	0.9556
1.2565	0.9557
1.2568	0.9558
1.2571	0.9558
1.2574	0.9559
1.2577	0.9559
1.258	0.9559
1.2583	0.9559
1.2586	0.9559
1.2589	0.9558
1.2592	0.9558
1.2595	0.9558
1.2598	0.9558
1.2601	0.9558
1.2604	0.9558
1.2608	0.9558
1.2611	0.9559
1.2614	0.956
1.2617	0.9562
1.262	0.9563
1.2623	0.9564
1.2626	0.9564
1.2629	0.9565
1.2632	0.9565
1.2635	0.9565
1.2638	0.9564
1.2641	0.9564
1.2644	0.9564
1.2647	0.9564
1.2651	0.9564
1.2654	0.9564
1.2657	0.9564
1.266	0.9564
1.2663	0.9564
1.2666	0.9565
1.2669	0.9565
1.2672	0.9565
1.2675	0.9564
1.2678	0.9563
1.2682	0.9561
1.2685	0.956
1.2688	0.9558
1.2691	0.9558
1.2694	0.9557
1.2697	0.9558
1.27	0.9558
1.2703	0.9559
1.2706	0.9561
1.2709	0.9562
1.2713	0.9564
1.2716	0.9565
1.2719	0.9566
1.2722	0.9567
1.2725	0.9567
1.2728	0.9567
1.2731	0.9567
1.2734	0.9566
1.2738	0.9566
1.2741	0.9566
1.2744	0.9566
1.2747	0.9566
1.275	0.9565
1.2753	0.9565
1.2756	0.9565
1.276	0.9564
1.2763	0.9564
1.2766	0.9564
1.2769	0.9565
1.2772	0.9567
1.2775	0.9569
1.2778	0.9572
1.2782	0.9574
1.2785	0.9575
1.2788	0.9576
1.2791	0.9575
1.2794	0.9573
1.2797	0.9571
1.28	0.9568
1.2804	0.9564
1.2807	0.9562
1.281	0.956
1.2813	0.9559
1.2816	0.9559
1.2819	0.9561
1.2823	0.9563
1.2826	0.9565
1.2829	0.9567
1.2832	0.9569
1.2835	0.9571
1.2838	0.9572
1.2842	0.9572
1.2845	0.9572
1.2848	0.9571
1.2851	0.957
1.2854	0.9568
1.2858	0.9567
1.2861	0.9566
1.2864	0.9565
1.2867	0.9564
1.287	0.9564
1.2874	0.9564
1.2877	0.9565
1.288	0.9566
1.2883	0.9567
1.2886	0.9569
1.289	0.9571
1.2893	0.9572
1.2896	0.9572
1.2899	0.9572
1.2902	0.9571
1.2906	0.9569
1.2909	0.9567
1.2912	0.9566
1.2915	0.9564
1.2918	0.9564
1.2922	0.9564
1.2925	0.9565
1.2928	0.9566
1.2931	0.9567
1.2935	0.9568
1.2938	0.9569
1.2941	0.957
1.2944	0.9572
1.2947	0.9573
1.2951	0.9574
1.2954	0.9575
1.2957	0.9573
1.296	0.9571
1.2964	0.9568
1.2967	0.9564
1.297	0.956
1.2973	0.9557
1.2977	0.9556
1.298	0.9556
1.2983	0.9557
1.2986	0.956
1.299	0.9563
1.2993	0.9566
1.2996	0.9568
1.2999	0.957
1.3003	0.957
1.3006	0.9569
1.3009	0.9567
1.3012	0.9566
1.3016	0.9564
1.3019	0.9563
1.3022	0.9563
1.3026	0.9564
1.3029	0.9565
1.3032	0.9567
1.3035	0.9568
1.3039	0.9571
1.3042	0.9573
1.3045	0.9575
1.3048	0.9577
1.3052	0.9578
1.3055	0.9579
1.3058	0.958
1.3062	0.958
1.3065	0.958
1.3068	0.9579
1.3072	0.9577
1.3075	0.9575
1.3078	0.9572
1.3081	0.9569
1.3085	0.9566
1.3088	0.9564
1.3091	0.9563
1.3095	0.9563
1.3098	0.9564
1.3101	0.9567
1.3105	0.957
1.3108	0.9574
1.3111	0.9578
1.3114	0.9581
1.3118	0.9583
1.3121	0.9584
1.3124	0.9584
1.3128	0.9582
1.3131	0.958
1.3134	0.9578
1.3138	0.9575
1.3141	0.9573
1.3144	0.9572
1.3148	0.957
1.3151	0.9569
1.3154	0.9568
1.3158	0.9567
1.3161	0.9566
1.3164	0.9566
1.3168	0.9566
1.3171	0.9568
1.3174	0.957
1.3178	0.9573
1.3181	0.9577
1.3185	0.958
1.3188	0.9583
1.3191	0.9585
1.3195	0.9587
1.3198	0.9589
1.3201	0.959
1.3205	0.959
1.3208	0.9589
1.3211	0.9588
1.3215	0.9587
1.3218	0.9584
1.3221	0.9583
1.3225	0.9581
1.3228	0.958
1.3232	0.958
1.3235	0.9581
1.3238	0.9581
1.3242	0.9582
1.3245	0.9581
1.3249	0.958
1.3252	0.9578
1.3255	0.9576
1.3259	0.9573
1.3262	0.9569
1.3265	0.9566
1.3269	0.9564
1.3272	0.9562
1.3276	0.956
1.3279	0.9559
1.3282	0.9558
1.3286	0.9558
1.3289	0.9557
1.3293	0.9557
1.3296	0.9557
1.3299	0.9557
1.3303	0.9557
1.3306	0.9556
1.331	0.9555
1.3313	0.9553
1.3317	0.9551
1.332	0.9548
1.3323	0.9545
1.3327	0.9542
1.333	0.954
1.3334	0.9538
1.3337	0.9536
1.3341	0.9535
1.3344	0.9535
1.3347	0.9535
1.3351	0.9535
1.3354	0.9537
1.3358	0.9539
1.3361	0.9541
1.3365	0.9543
1.3368	0.9544
1.3371	0.9543
1.3375	0.9541
1.3378	0.9538
1.3382	0.9535
1.3385	0.9532
1.3389	0.953
1.3392	0.953
1.3396	0.953
1.3399	0.9532
1.3403	0.9534
1.3406	0.9535
1.341	0.9535
1.3413	0.9535
1.3416	0.9533
1.342	0.9532
1.3423	0.9532
1.3427	0.9533
1.343	0.9536
1.3434	0.9541
1.3437	0.9547
1.3441	0.9554
1.3444	0.9561
1.3448	0.9566
1.3451	0.9569
1.3455	0.957
1.3458	0.9568
1.3462	0.9564
1.3465	0.9559
1.3469	0.9555
1.3472	0.9552
1.3476	0.9551
1.3479	0.9552
1.3483	0.9555
1.3486	0.9558
1.349	0.9562
1.3493	0.9565
1.3497	0.9568
1.35	0.9569
1.3504	0.957
1.3507	0.957
1.3511	0.9571
1.3514	0.9571
1.3518	0.9572
1.3521	0.9573
1.3525	0.9574
1.3528	0.9573
1.3532	0.9572
1.3536	0.9569
1.3539	0.9566
1.3543	0.9562
1.3546	0.9559
1.355	0.9558
1.3553	0.9558
1.3557	0.956
1.356	0.9565
1.3564	0.957
1.3567	0.9577
1.3571	0.9582
1.3575	0.9586
1.3578	0.9587
1.3582	0.9585
1.3585	0.958
1.3589	0.9573
1.3592	0.9565
1.3596	0.9557
1.3599	0.9551
1.3603	0.9548
1.3607	0.9546
1.361	0.9546
1.3614	0.9547
1.3617	0.9547
1.3621	0.9546
1.3624	0.9543
1.3628	0.9539
1.3632	0.9535
1.3635	0.9532
1.3639	0.9529
1.3642	0.9526
1.3646	0.9523
1.365	0.9517
1.3653	0.9509
1.3657	0.9498
1.366	0.9487
1.3664	0.9476
1.3668	0.9467
1.3671	0.9459
1.3675	0.9453
1.3678	0.9447
1.3682	0.944
1.3686	0.9432
1.3689	0.9422
1.3693	0.9412
1.3696	0.9402
1.37	0.9395
1.3704	0.9389
1.3707	0.9387
1.3711	0.9387
1.3715	0.9387
1.3718	0.9387
1.3722	0.9385
1.3725	0.9381
1.3729	0.9375
1.3733	0.9367
1.3736	0.9357
1.374	0.9346
1.3744	0.9335
1.3747	0.9323
1.3751	0.9311
1.3755	0.9299
1.3758	0.9286
1.3762	0.9272
1.3766	0.9259
1.3769	0.9245
1.3773	0.9232
1.3776	0.9221
1.378	0.9212
1.3784	0.9205
1.3787	0.9201
1.3791	0.9199
1.3795	0.9198
1.3798	0.9197
1.3802	0.9197
1.3806	0.9195
1.3809	0.9193
1.3813	0.919
1.3817	0.9187
1.3821	0.9183
1.3824	0.918
1.3828	0.9176
1.3832	0.9171
1.3835	0.9166
1.3839	0.916
1.3843	0.9154
1.3846	0.9149
1.385	0.9144
1.3854	0.9142
1.3857	0.9141
1.3861	0.9141
1.3865	0.9144
1.3869	0.9147
1.3872	0.915
1.3876	0.9153
1.388	0.9155
1.3883	0.9155
1.3887	0.9153
1.3891	0.915
1.3895	0.9146
1.3898	0.9143
1.3902	0.9141
1.3906	0.9141
1.391	0.9144
1.3913	0.9149
1.3917	0.9154
1.3921	0.9158
1.3924	0.9162
1.3928	0.9164
1.3932	0.9165
1.3936	0.9166
1.3939	0.9169
1.3943	0.9172
1.3947	0.9178
1.3951	0.9184
1.3954	0.919
1.3958	0.9195
1.3962	0.9197
1.3966	0.9197
1.3969	0.9196
1.3973	0.9194
1.3977	0.9192
1.3981	0.9191
1.3985	0.9192
1.3988	0.9196
1.3992	0.92
1.3996	0.9205
1.4	0.9209
1.4003	0.9212
1.4007	0.9212
1.4011	0.921
1.4015	0.9207
1.4019	0.9203
1.4022	0.9202
1.4026	0.9203
1.403	0.9207
1.4034	0.9213
1.4038	0.9221
1.4041	0.923
1.4045	0.9238
1.4049	0.9243
1.4053	0.9247
1.4057	0.9249
1.406	0.925
1.4064	0.9251
1.4068	0.9252
1.4072	0.9253
1.4076	0.9255
1.4079	0.9258
1.4083	0.9261
1.4087	0.9263
1.4091	0.9266
1.4095	0.9269
1.4099	0.9271
1.4102	0.9273
1.4106	0.9274
1.411	0.9276
1.4114	0.9278
1.4118	0.9281
1.4122	0.9285
1.4125	0.9289
1.4129	0.9294
1.4133	0.9298
1.4137	0.9303
1.4141	0.9306
1.4145	0.931
1.4149	0.9312
1.4152	0.9315
1.4156	0.9316
1.416	0.9318
1.4164	0.9319
1.4168	0.9319
1.4172	0.932
1.4176	0.9321
1.418	0.9322
1.4183	0.9325
1.4187	0.9328
1.4191	0.9333
1.4195	0.9337
1.4199	0.9341
1.4203	0.9345
1.4207	0.9348
1.4211	0.9351
1.4215	0.9353
1.4218	0.9355
1.4222	0.9357
1.4226	0.9359
1.423	0.936
1.4234	0.9361
1.4238	0.9361
1.4242	0.9362
1.4246	0.9362
1.425	0.9362
1.4254	0.9363
1.4258	0.9364
1.4261	0.9364
1.4265	0.9365
1.4269	0.9367
1.4273	0.937
1.4277	0.9373
1.4281	0.9376
1.4285	0.938
1.4289	0.9384
1.4293	0.9387
1.4297	0.9389
1.4301	0.9391
1.4305	0.9393
1.4309	0.9394
1.4313	0.9396
1.4317	0.9397
1.4321	0.9398
1.4324	0.9399
1.4328	0.9399
1.4332	0.9399
1.4336	0.9399
1.434	0.9398
1.4344	0.9398
1.4348	0.9398
1.4352	0.9399
1.4356	0.94
1.436	0.9401
1.4364	0.9402
1.4368	0.9403
1.4372	0.9405
1.4376	0.9407
1.438	0.9408
1.4384	0.941
1.4388	0.9411
1.4392	0.9412
1.4396	0.9413
1.44	0.9414
1.4404	0.9415
1.4408	0.9417
1.4412	0.9419
1.4416	0.9421
1.442	0.9422
1.4424	0.9423
1.4428	0.9423
1.4432	0.9423
1.4436	0.9424
1.444	0.9424
1.4444	0.9425
1.4448	0.9426
1.4452	0.9426
1.4456	0.9426
1.446	0.9426
1.4464	0.9425
1.4468	0.9424
1.4472	0.9423
1.4476	0.9423
1.448	0.9422
1.4485	0.9422
1.4489	0.9421
1.4493	0.942
1.4497	0.942
1.4501	0.9419
1.4505	0.9419
1.4509	0.9419
1.4513	0.9419
1.4517	0.9419
1.4521	0.9419
1.4525	0.9418
1.4529	0.9418
1.4533	0.9418
1.4537	0.9419
1.4541	0.9419
1.4545	0.942
1.455	0.942
1.4554	0.942
1.4558	0.942
1.4562	0.9419
1.4566	0.9419
1.457	0.9419
1.4574	0.9419
1.4578	0.942
1.4582	0.9421
1.4586	0.9422
1.4591	0.9424
1.4595	0.9425
1.4599	0.9426
1.4603	0.9427
1.4607	0.9428
1.4611	0.9429
1.4615	0.9429
1.4619	0.943
1.4623	0.943
1.4628	0.9431
1.4632	0.9433
1.4636	0.9434
1.464	0.9435
1.4644	0.9436
1.4648	0.9436
1.4652	0.9435
1.4656	0.9434
1.4661	0.9433
1.4665	0.9433
1.4669	0.9433
1.4673	0.9434
1.4677	0.9435
1.4681	0.9436
1.4686	0.9438
1.469	0.944
1.4694	0.9441
1.4698	0.9443
1.4702	0.9445
1.4706	0.9447
1.4711	0.9448
1.4715	0.945
1.4719	0.9451
1.4723	0.9452
1.4727	0.9452
1.4731	0.9453
1.4736	0.9453
1.474	0.9454
1.4744	0.9455
1.4748	0.9456
1.4752	0.9456
1.4757	0.9457
1.4761	0.9457
1.4765	0.9458
1.4769	0.9459
1.4773	0.9459
1.4778	0.946
1.4782	0.9461
1.4786	0.9461
1.479	0.9461
1.4794	0.9462
1.4799	0.9462
1.4803	0.9462
1.4807	0.9463
1.4811	0.9463
1.4816	0.9463
1.482	0.9462
1.4824	0.9462
1.4828	0.9462
1.4833	0.9462
1.4837	0.9462
1.4841	0.9463
1.4845	0.9464
1.485	0.9465
1.4854	0.9465
1.4858	0.9466
1.4862	0.9466
1.4867	0.9466
1.4871	0.9466
1.4875	0.9466
1.4879	0.9465
1.4884	0.9465
1.4888	0.9465
1.4892	0.9465
1.4896	0.9465
1.4901	0.9466
1.4905	0.9467
1.4909	0.9468
1.4914	0.9469
1.4918	0.947
1.4922	0.9471
1.4927	0.9471
1.4931	0.9471
1.4935	0.9471
1.4939	0.9471
1.4944	0.9471
1.4948	0.9471
1.4952	0.9471
1.4957	0.9471
1.4961	0.9471
1.4965	0.947
1.497	0.947
1.4974	0.947
1.4978	0.947
1.4983	0.9471
1.4987	0.9471
1.4991	0.9471
1.4996	0.947
1.5	0.947
1.5004	0.9469
1.5009	0.9469
1.5013	0.9469
1.5017	0.9469
1.5022	0.947
1.5026	0.9471
1.503	0.9472
1.5035	0.9473
1.5039	0.9473
1.5043	0.9474
1.5048	0.9474
1.5052	0.9475
1.5057	0.9474
1.5061	0.9474
1.5065	0.9474
1.507	0.9473
1.5074	0.9473
1.5078	0.9472
1.5083	0.9472
1.5087	0.9472
1.5092	0.9472
1.5096	0.9472
1.51	0.9473
1.5105	0.9473
1.5109	0.9474
1.5114	0.9474
1.5118	0.9474
1.5122	0.9475
1.5127	0.9474
1.5131	0.9474
1.5136	0.9474
1.514	0.9473
1.5144	0.9473
1.5149	0.9473
1.5153	0.9472
1.5158	0.9472
1.5162	0.9472
1.5167	0.9472
1.5171	0.9472
1.5175	0.9472
1.518	0.9472
1.5184	0.9473
1.5189	0.9473
1.5193	0.9474
1.5198	0.9475
1.5202	0.9475
1.5207	0.9475
1.5211	0.9476
1.5216	0.9476
1.522	0.9476
1.5225	0.9476
1.5229	0.9476
1.5233	0.9476
1.5238	0.9475
1.5242	0.9474
1.5247	0.9474
1.5251	0.9473
1.5256	0.9473
1.526	0.9473
1.5265	0.9473
1.5269	0.9473
1.5274	0.9473
1.5278	0.9473
1.5283	0.9473
1.5287	0.9473
1.5292	0.9473
1.5296	0.9473
1.5301	0.9473
1.5305	0.9472
1.531	0.9472
1.5314	0.9471
1.5319	0.9471
1.5323	0.947
1.5328	0.947
1.5333	0.947
1.5337	0.947
1.5342	0.9471
1.5346	0.9472
1.5351	0.9472
1.5355	0.9473
1.536	0.9473
1.5364	0.9474
1.5369	0.9475
1.5373	0.9475
1.5378	0.9476
1.5383	0.9476
1.5387	0.9476
1.5392	0.9476
1.5396	0.9476
1.5401	0.9475
1.5405	0.9475
1.541	0.9474
1.5415	0.9474
1.5419	0.9474
1.5424	0.9473
1.5428	0.9473
1.5433	0.9473
1.5438	0.9473
1.5442	0.9472
1.5447	0.9472
1.5451	0.9472
1.5456	0.9471
1.5461	0.9471
1.5465	0.9471
1.547	0.9471
1.5474	0.9471
1.5479	0.9471
1.5484	0.9472
1.5488	0.9472
1.5493	0.9473
1.5498	0.9473
1.5502	0.9473
1.5507	0.9473
1.5511	0.9473
1.5516	0.9472
1.5521	0.9472
1.5525	0.9472
1.553	0.9472
1.5535	0.9471
1.5539	0.9471
1.5544	0.9471
1.5549	0.9471
1.5553	0.9471
1.5558	0.9471
1.5563	0.947
1.5567	0.947
1.5572	0.947
1.5577	0.9469
1.5581	0.947
1.5586	0.947
1.5591	0.947
1.5595	0.9471
1.56	0.9471
1.5605	0.9471
1.5609	0.947
1.5614	0.9469
1.5619	0.9469
1.5624	0.9468
1.5628	0.9468
1.5633	0.9468
1.5638	0.9468
1.5642	0.9468
1.5647	0.9467
1.5652	0.9467
1.5657	0.9467
1.5661	0.9466
1.5666	0.9466
1.5671	0.9466
1.5676	0.9465
1.568	0.9465
1.5685	0.9465
1.569	0.9464
1.5695	0.9464
1.5699	0.9464
1.5704	0.9464
1.5709	0.9464
1.5714	0.9464
1.5718	0.9464
1.5723	0.9464
1.5728	0.9463
1.5733	0.9463
1.5737	0.9463
1.5742	0.9463
1.5747	0.9463
1.5752	0.9463
1.5757	0.9463
1.5761	0.9462
1.5766	0.9462
1.5771	0.9462
1.5776	0.9462
1.578	0.9462
1.5785	0.9462
1.579	0.9462
1.5795	0.9462
1.58	0.9461
1.5805	0.9461
1.5809	0.946
1.5814	0.946
1.5819	0.946
1.5824	0.946
1.5829	0.946
1.5833	0.946
1.5838	0.946
1.5843	0.946
1.5848	0.9461
1.5853	0.9461
1.5858	0.9461
1.5863	0.9461
1.5867	0.9461
1.5872	0.946
1.5877	0.946
1.5882	0.9459
1.5887	0.9459
1.5892	0.9458
1.5897	0.9458
1.5901	0.9457
1.5906	0.9457
1.5911	0.9457
1.5916	0.9456
1.5921	0.9455
1.5926	0.9455
1.5931	0.9454
1.5936	0.9454
1.5941	0.9454
1.5945	0.9453
1.595	0.9453
1.5955	0.9453
1.596	0.9452
1.5965	0.9451
1.597	0.9451
1.5975	0.9451
1.598	0.9451
1.5985	0.9451
1.599	0.9452
1.5995	0.9452
1.6	0.9452
1.6005	0.9451
1.6009	0.9451
1.6014	0.9451
1.6019	0.9451
1.6024	0.945
1.6029	0.945
1.6034	0.9449
1.6039	0.9449
1.6044	0.9448
1.6049	0.9448
1.6054	0.9448
1.6059	0.9448
1.6064	0.9448
1.6069	0.9448
1.6074	0.9448
1.6079	0.9448
1.6084	0.9447
1.6089	0.9447
1.6094	0.9446
1.6099	0.9446
1.6104	0.9446
1.6109	0.9445
1.6114	0.9445
1.6119	0.9445
1.6124	0.9445
1.6129	0.9445
1.6134	0.9445
1.6139	0.9445
1.6144	0.9445
1.6149	0.9444
1.6154	0.9444
1.6159	0.9444
1.6164	0.9443
1.6169	0.9443
1.6174	0.9443
1.6179	0.9442
1.6184	0.9442
1.6189	0.9441
1.6194	0.9441
1.62	0.944
1.6205	0.944
1.621	0.9439
1.6215	0.9439
1.622	0.9438
1.6225	0.9438
1.623	0.9437
1.6235	0.9437
1.624	0.9437
1.6245	0.9437
1.625	0.9437
1.6255	0.9437
1.626	0.9437
1.6266	0.9437
1.6271	0.9437
1.6276	0.9437
1.6281	0.9436
1.6286	0.9436
1.6291	0.9435
1.6296	0.9435
1.6301	0.9434
1.6306	0.9434
1.6312	0.9434
1.6317	0.9433
1.6322	0.9433
1.6327	0.9433
1.6332	0.9432
1.6337	0.9432
1.6342	0.9432
1.6348	0.9432
1.6353	0.9432
1.6358	0.9431
1.6363	0.9431
1.6368	0.9431
1.6373	0.943
1.6379	0.943
1.6384	0.943
1.6389	0.9429
1.6394	0.9429
1.6399	0.9429
1.6405	0.9428
1.641	0.9427
1.6415	0.9426
1.642	0.9426
1.6425	0.9425
1.6431	0.9424
1.6436	0.9424
1.6441	0.9423
1.6446	0.9422
1.6451	0.9422
1.6457	0.9422
1.6462	0.9422
1.6467	0.9422
1.6472	0.9422
1.6477	0.9422
1.6483	0.9422
1.6488	0.9421
1.6493	0.9421
1.6498	0.942
1.6504	0.942
1.6509	0.9419
1.6514	0.9419
1.6519	0.9418
1.6525	0.9417
1.653	0.9417
1.6535	0.9416
1.6541	0.9416
1.6546	0.9415
1.6551	0.9415
1.6556	0.9415
1.6562	0.9415
1.6567	0.9415
1.6572	0.9414
1.6578	0.9414
1.6583	0.9413
1.6588	0.9413
1.6593	0.9412
1.6599	0.9412
1.6604	0.9411
1.6609	0.9411
1.6615	0.9411
1.662	0.941
1.6625	0.941
1.6631	0.941
1.6636	0.941
1.6641	0.941
1.6647	0.941
1.6652	0.941
1.6657	0.9409
1.6663	0.9408
1.6668	0.9408
1.6674	0.9407
1.6679	0.9406
1.6684	0.9406
1.669	0.9405
1.6695	0.9405
1.67	0.9404
1.6706	0.9404
1.6711	0.9404
1.6717	0.9404
1.6722	0.9404
1.6727	0.9403
1.6733	0.9403
1.6738	0.9402
1.6744	0.9401
1.6749	0.9401
1.6754	0.94
1.676	0.94
1.6765	0.94
1.6771	0.94
1.6776	0.9399
1.6781	0.9399
1.6787	0.9399
1.6792	0.9399
1.6798	0.9398
1.6803	0.9398
1.6809	0.9397
1.6814	0.9397
1.682	0.9396
1.6825	0.9396
1.683	0.9395
1.6836	0.9395
1.6841	0.9395
1.6847	0.9394
1.6852	0.9394
1.6858	0.9394
1.6863	0.9394
1.6869	0.9394
1.6874	0.9393
1.688	0.9393
1.6885	0.9392
1.6891	0.9392
1.6896	0.9391
1.6902	0.9391
1.6907	0.939
1.6913	0.939
1.6918	0.939
1.6924	0.939
1.6929	0.9389
1.6935	0.9389
1.694	0.9389
1.6946	0.9388
1.6952	0.9388
1.6957	0.9387
1.6963	0.9387
1.6968	0.9387
1.6974	0.9386
1.6979	0.9386
1.6985	0.9386
1.699	0.9385
1.6996	0.9385
1.7002	0.9385
1.7007	0.9384
1.7013	0.9384
1.7018	0.9383
1.7024	0.9382
1.7029	0.9382
1.7035	0.9382
1.7041	0.9381
1.7046	0.9381
1.7052	0.938
1.7057	0.938
1.7063	0.938
1.7069	0.9379
1.7074	0.9379
1.708	0.9378
1.7086	0.9378
1.7091	0.9377
1.7097	0.9377
1.7102	0.9376
1.7108	0.9376
1.7114	0.9375
1.7119	0.9375
1.7125	0.9374
1.7131	0.9374
1.7136	0.9373
1.7142	0.9372
1.7148	0.9372
1.7153	0.9371
1.7159	0.937
1.7165	0.937
1.717	0.9369
1.7176	0.9369
1.7182	0.9369
1.7187	0.9368
1.7193	0.9368
1.7199	0.9367
1.7205	0.9367
1.721	0.9367
1.7216	0.9366
1.7222	0.9366
1.7227	0.9365
1.7233	0.9365
1.7239	0.9364
1.7245	0.9364
1.725	0.9363
1.7256	0.9362
1.7262	0.9362
1.7268	0.9362
1.7273	0.9361
1.7279	0.9361
1.7285	0.936
1.7291	0.9359
1.7296	0.9359
1.7302	0.9358
1.7308	0.9358
1.7314	0.9357
1.732	0.9356
1.7325	0.9355
1.7331	0.9355
1.7337	0.9354
1.7343	0.9353
1.7349	0.9353
1.7354	0.9352
1.736	0.9352
1.7366	0.9351
1.7372	0.9351
1.7378	0.935
1.7383	0.935
1.7389	0.9349
1.7395	0.9348
1.7401	0.9348
1.7407	0.9347
1.7413	0.9346
1.7418	0.9346
1.7424	0.9345
1.743	0.9344
1.7436	0.9343
1.7442	0.9343
1.7448	0.9342
1.7454	0.9341
1.7459	0.9341
1.7465	0.934
1.7471	0.9339
1.7477	0.9339
1.7483	0.9338
1.7489	0.9337
1.7495	0.9337
1.7501	0.9336
1.7507	0.9336
1.7513	0.9335
1.7518	0.9334
1.7524	0.9333
1.753	0.9332
1.7536	0.9332
1.7542	0.9331
1.7548	0.933
1.7554	0.9329
1.756	0.9329
1.7566	0.9328
1.7572	0.9327
1.7578	0.9327
1.7584	0.9326
1.759	0.9325
1.7596	0.9325
1.7602	0.9324
1.7608	0.9323
1.7614	0.9323
1.762	0.9322
1.7626	0.9321
1.7632	0.932
1.7638	0.932
1.7644	0.9319
1.765	0.9318
1.7656	0.9317
1.7662	0.9317
1.7668	0.9316
1.7674	0.9315
1.768	0.9314
1.7686	0.9314
1.7692	0.9313
1.7698	0.9312
1.7704	0.9311
1.771	0.931
1.7716	0.9308
1.7722	0.9307
1.7728	0.9307
1.7734	0.9306
1.774	0.9305
1.7746	0.9305
1.7752	0.9304
1.7758	0.9304
1.7765	0.9303
1.7771	0.9303
1.7777	0.9303
1.7783	0.9302
1.7789	0.9302
1.7795	0.9301
1.7801	0.93
1.7807	0.93
1.7813	0.9299
1.7819	0.9298
1.7826	0.9298
1.7832	0.9297
1.7838	0.9297
1.7844	0.9297
1.785	0.9296
1.7856	0.9295
1.7862	0.9295
1.7869	0.9294
1.7875	0.9293
1.7881	0.9292
1.7887	0.9291
1.7893	0.929
1.7899	0.929
1.7906	0.9289
1.7912	0.9288
1.7918	0.9288
1.7924	0.9287
1.793	0.9287
1.7937	0.9286
1.7943	0.9286
1.7949	0.9285
1.7955	0.9285
1.7961	0.9284
1.7968	0.9284
1.7974	0.9284
1.798	0.9284
1.7986	0.9284
1.7993	0.9284
1.7999	0.9283
1.8005	0.9283
1.8011	0.9283
1.8018	0.9282
1.8024	0.9281
1.803	0.9281
1.8036	0.928
1.8043	0.9279
1.8049	0.9279
1.8055	0.9278
1.8062	0.9277
1.8068	0.9276
1.8074	0.9276
1.808	0.9275
1.8087	0.9275
1.8093	0.9275
1.8099	0.9275
1.8106	0.9274
1.8112	0.9274
1.8118	0.9274
1.8125	0.9274
1.8131	0.9274
1.8137	0.9274
1.8144	0.9274
1.815	0.9274
1.8156	0.9273
1.8163	0.9272
1.8169	0.9272
1.8175	0.9272
1.8182	0.9273
1.8188	0.9275
1.8195	0.9276
1.8201	0.9277
1.8207	0.9277
1.8214	0.9276
1.822	0.9274
1.8227	0.9272
1.8233	0.9269
1.8239	0.9267
1.8246	0.9266
1.8252	0.9265
1.8259	0.9266
1.8265	0.9267
1.8272	0.9268
1.8278	0.9269
1.8284	0.9269
1.8291	0.9269
1.8297	0.9268
1.8304	0.9267
1.831	0.9265
1.8317	0.9264
1.8323	0.9263
1.833	0.9263
1.8336	0.9263
1.8343	0.9265
1.8349	0.9267
1.8356	0.9269
1.8362	0.9272
1.8369	0.9273
1.8375	0.9274
1.8382	0.9274
1.8388	0.9273
1.8395	0.9272
1.8401	0.9269
1.8408	0.9266
1.8414	0.9262
1.8421	0.9258
1.8427	0.9253
1.8434	0.9248
1.844	0.9245
1.8447	0.9243
1.8454	0.9244
1.846	0.9246
1.8467	0.9248
1.8473	0.925
1.848	0.925
1.8487	0.9248
1.8493	0.9243
1.85	0.9237
1.8506	0.9232
1.8513	0.9227
1.852	0.9223
1.8526	0.9221
1.8533	0.922
1.8539	0.922
1.8546	0.9218
1.8553	0.9216
1.8559	0.9213
1.8566	0.921
1.8573	0.9207
1.8579	0.9204
1.8586	0.9201
1.8593	0.9197
1.8599	0.9192
1.8606	0.9185
1.8613	0.9178
1.8619	0.917
1.8626	0.9162
1.8633	0.9155
1.8639	0.9149
1.8646	0.9144
1.8653	0.914
1.8659	0.9136
1.8666	0.9133
1.8673	0.913
1.868	0.9127
1.8686	0.9123
1.8693	0.9117
1.87	0.9109
1.8707	0.9099
1.8713	0.9086
1.872	0.907
1.8727	0.905
1.8734	0.9028
1.874	0.9004
1.8747	0.8977
1.8754	0.8948
1.8761	0.8918
1.8768	0.8887
1.8774	0.8855
1.8781	0.8824
1.8788	0.8794
1.8795	0.8767
1.8802	0.8742
1.8808	0.8721
1.8815	0.8702
1.8822	0.8687
1.8829	0.8674
1.8836	0.8664
1.8843	0.8655
1.8849	0.8647
1.8856	0.8639
1.8863	0.8632
1.887	0.8625
1.8877	0.8619
1.8884	0.8612
1.8891	0.8606
1.8897	0.86
1.8904	0.8593
1.8911	0.8586
1.8918	0.8579
1.8925	0.8572
1.8932	0.8566
1.8939	0.856
1.8946	0.8557
1.8953	0.8556
1.896	0.8557
1.8967	0.8562
1.8974	0.8568
1.898	0.8576
1.8987	0.8585
1.8994	0.8593
1.9001	0.8601
1.9008	0.8608
1.9015	0.8614
1.9022	0.8621
1.9029	0.8628
1.9036	0.8636
1.9043	0.8644
1.905	0.8651
1.9057	0.8658
1.9064	0.8664
1.9071	0.8668
1.9078	0.8671
1.9085	0.8674
1.9092	0.8677
1.9099	0.8682
1.9106	0.8688
1.9113	0.8695
1.912	0.8703
1.9128	0.871
1.9135	0.8715
1.9142	0.872
1.9149	0.8723
1.9156	0.8725
1.9163	0.8728
1.917	0.8731
1.9177	0.8736
1.9184	0.8741
1.9191	0.8748
1.9198	0.8754
1.9205	0.876
1.9213	0.8764
1.922	0.8768
1.9227	0.877
1.9234	0.8772
1.9241	0.8774
1.9248	0.8777
1.9255	0.8781
1.9263	0.8785
1.927	0.8789
1.9277	0.8794
1.9284	0.8798
1.9291	0.8801
1.9298	0.8804
1.9306	0.8807
1.9313	0.8809
1.932	0.8811
1.9327	0.8813
1.9334	0.8815
1.9342	0.8817
1.9349	0.882
1.9356	0.8823
1.9363	0.8826
1.937	0.8829
1.9378	0.8832
1.9385	0.8834
1.9392	0.8835
1.9399	0.8837
1.9407	0.8837
1.9414	0.8838
1.9421	0.8839
1.9428	0.884
1.9436	0.8841
1.9443	0.8843
1.945	0.8844
1.9458	0.8846
1.9465	0.8848
1.9472	0.8849
1.948	0.8851
1.9487	0.8853
1.9494	0.8855
1.9502	0.8856
1.9509	0.8858
1.9516	0.886
1.9524	0.8862
1.9531	0.8865
1.9538	0.8867
1.9546	0.8869
1.9553	0.8871
1.956	0.8873
1.9568	0.8875
1.9575	0.8877
1.9583	0.888
1.959	0.8882
1.9597	0.8884
1.9605	0.8887
1.9612	0.889
1.962	0.8892
1.9627	0.8895
1.9634	0.8898
1.9642	0.8901
1.9649	0.8904
1.9657	0.8906
1.9664	0.8909
1.9672	0.8912
1.9679	0.8914
1.9687	0.8917
1.9694	0.892
1.9702	0.8922
1.9709	0.8925
1.9717	0.8928
1.9724	0.8931
1.9732	0.8934
1.9739	0.8936
1.9747	0.8939
1.9754	0.8942
1.9762	0.8944
1.9769	0.8947
1.9777	0.895
1.9784	0.8953
1.9792	0.8956
1.9799	0.8959
1.9807	0.8962
1.9815	0.8964
1.9822	0.8967
1.983	0.8969
1.9837	0.8972
1.9845	0.8975
1.9852	0.8977
1.986	0.898
1.9868	0.8982
1.9875	0.8985
1.9883	0.8987
1.9891	0.899
1.9898	0.8992
1.9906	0.8995
1.9913	0.8997
1.9921	0.8999
1.9929	0.9001
1.9936	0.9004
1.9944	0.9006
1.9952	0.9009
1.9959	0.9011
1.9967	0.9013
1.9975	0.9016
1.9983	0.9018
1.999	0.9021
1.9998	0.9023
2.0006	0.9025
2.0013	0.9027
2.0021	0.9029
2.0029	0.9032
2.0037	0.9033
2.0044	0.9035
2.0052	0.9037
2.006	0.9038
2.0068	0.904
2.0075	0.9041
2.0083	0.9043
2.0091	0.9044
2.0099	0.9045
2.0107	0.9047
2.0114	0.9048
2.0122	0.9049
2.013	0.905
2.0138	0.9051
2.0146	0.9052
2.0153	0.9053
2.0161	0.9054
2.0169	0.9055
2.0177	0.9056
2.0185	0.9056
2.0193	0.9057
2.02	0.9057
2.0208	0.9058
2.0216	0.9058
2.0224	0.9059
2.0232	0.9059
2.024	0.9059
2.0248	0.9059
2.0256	0.9059
2.0264	0.906
2.0272	0.906
2.0279	0.906
2.0287	0.906
2.0295	0.906
2.0303	0.906
2.0311	0.9059
2.0319	0.9059
2.0327	0.9059
2.0335	0.9059
2.0343	0.9059
2.0351	0.9059
2.0359	0.9059
2.0367	0.9058
2.0375	0.9058
2.0383	0.9058
2.0391	0.9057
2.0399	0.9057
2.0407	0.9057
2.0415	0.9057
2.0423	0.9056
2.0431	0.9056
2.0439	0.9055
2.0447	0.9054
2.0455	0.9054
2.0464	0.9053
2.0472	0.9052
2.048	0.9052
2.0488	0.9051
2.0496	0.9051
2.0504	0.905
2.0512	0.9049
2.052	0.9049
2.0528	0.9048
2.0537	0.9048
2.0545	0.9047
2.0553	0.9046
2.0561	0.9045
2.0569	0.9044
2.0577	0.9044
2.0585	0.9043
2.0594	0.9043
2.0602	0.9042
2.061	0.9042
2.0618	0.9041
2.0626	0.904
2.0635	0.904
2.0643	0.9039
2.0651	0.9039
2.0659	0.9038
2.0667	0.9038
2.0676	0.9037
2.0684	0.9036
2.0692	0.9036
2.07	0.9035
2.0709	0.9035
2.0717	0.9034
2.0725	0.9034
2.0734	0.9034
2.0742	0.9033
2.075	0.9033
2.0758	0.9032
2.0767	0.9032
2.0775	0.9031
2.0783	0.903
2.0792	0.903
2.08	0.903
2.0808	0.9029
2.0817	0.9029
2.0825	0.9028
2.0834	0.9028
2.0842	0.9027
2.085	0.9027
2.0859	0.9026
2.0867	0.9026
2.0875	0.9025
2.0884	0.9024
2.0892	0.9024
2.0901	0.9023
2.0909	0.9022
2.0918	0.9021
2.0926	0.902
2.0934	0.902
2.0943	0.9019
2.0951	0.9018
2.096	0.9018
2.0968	0.9017
2.0977	0.9016
2.0985	0.9015
2.0994	0.9014
2.1002	0.9013
2.1011	0.9012
2.1019	0.9011
2.1028	0.9009
2.1036	0.9008
2.1045	0.9007
2.1053	0.9006
2.1062	0.9005
2.1071	0.9004
2.1079	0.9003
2.1088	0.9002
2.1096	0.9
2.1105	0.8999
2.1113	0.8998
2.1122	0.8997
2.1131	0.8996
2.1139	0.8995
2.1148	0.8994
2.1157	0.8992
2.1165	0.8991
2.1174	0.8989
2.1182	0.8988
2.1191	0.8986
2.12	0.8985
2.1208	0.8984
2.1217	0.8982
2.1226	0.898
2.1235	0.8979
2.1243	0.8977
2.1252	0.8975
2.1261	0.8973
2.1269	0.897
2.1278	0.8968
2.1287	0.8966
2.1296	0.8963
2.1304	0.8961
2.1313	0.8958
2.1322	0.8955
2.1331	0.8952
2.1339	0.8949
2.1348	0.8946
2.1357	0.8943
2.1366	0.894
2.1375	0.8936
2.1383	0.8932
2.1392	0.8928
2.1401	0.8924
2.141	0.892
2.1419	0.8916
2.1428	0.8911
2.1436	0.8907
2.1445	0.8902
2.1454	0.8897
2.1463	0.8891
2.1472	0.8886
2.1481	0.8881
2.149	0.8875
2.1499	0.887
2.1508	0.8864
2.1516	0.8858
2.1525	0.8852
2.1534	0.8846
2.1543	0.884
2.1552	0.8834
2.1561	0.8828
2.157	0.8822
2.1579	0.8816
2.1588	0.8809
2.1597	0.8803
2.1606	0.8796
2.1615	0.8789
2.1624	0.8782
2.1633	0.8775
2.1642	0.8767
2.1651	0.8759
2.166	0.8751
2.1669	0.8743
2.1678	0.8734
2.1687	0.8725
2.1697	0.8716
2.1706	0.8707
2.1715	0.8697
2.1724	0.8686
2.1733	0.8675
2.1742	0.8663
2.1751	0.8651
2.176	0.8638
2.1769	0.8626
2.1779	0.8612
2.1788	0.8599
2.1797	0.8585
2.1806	0.8571
2.1815	0.8557
2.1824	0.8542
2.1834	0.8527
2.1843	0.8512
2.1852	0.8497
2.1861	0.848
2.187	0.8463
2.188	0.8446
2.1889	0.8427
2.1898	0.8408
2.1907	0.8387
2.1917	0.8366
2.1926	0.8344
2.1935	0.8321
2.1944	0.8296
2.1954	0.8271
2.1963	0.8246
2.1972	0.822
2.1982	0.8194
2.1991	0.8168
2.2	0.8143
2.201	0.8118
2.2019	0.8095
2.2028	0.8073
2.2038	0.8052
2.2047	0.8034
2.2056	0.8017
2.2066	0.8003
2.2075	0.7991
2.2085	0.7981
2.2094	0.7973
2.2103	0.7968
2.2113	0.7964
2.2122	0.7962
2.2132	0.7961
2.2141	0.7963
2.2151	0.7965
2.216	0.7969
2.217	0.7973
2.2179	0.7978
2.2189	0.7984
2.2198	0.799
2.2208	0.7996
2.2217	0.8003
2.2227	0.801
2.2236	0.8017
2.2246	0.8024
2.2255	0.803
2.2265	0.8036
2.2274	0.8041
2.2284	0.8047
2.2293	0.8052
2.2303	0.8056
2.2313	0.806
2.2322	0.8064
2.2332	0.8066
2.2342	0.8069
2.2351	0.8071
2.2361	0.8073
2.237	0.8075
2.238	0.8077
2.239	0.8079
2.2399	0.808
2.2409	0.8082
2.2419	0.8083
2.2428	0.8085
2.2438	0.8086
2.2448	0.8088
2.2458	0.809
2.2467	0.8093
2.2477	0.8095
2.2487	0.8098
2.2497	0.81
2.2506	0.8104
2.2516	0.8107
2.2526	0.8111
2.2536	0.8116
2.2546	0.8121
2.2555	0.8126
2.2565	0.8131
2.2575	0.8136
2.2585	0.8142
2.2595	0.8148
2.2604	0.8154
2.2614	0.8161
2.2624	0.8167
2.2634	0.8173
2.2644	0.818
2.2654	0.8186
2.2664	0.8193
2.2674	0.82
2.2684	0.8208
2.2694	0.8215
2.2703	0.8222
2.2713	0.823
2.2723	0.8237
2.2733	0.8245
2.2743	0.8253
2.2753	0.826
2.2763	0.8268
2.2773	0.8276
2.2783	0.8283
2.2793	0.8291
2.2803	0.8298
2.2813	0.8305
2.2823	0.8312
2.2833	0.8319
2.2843	0.8326
2.2854	0.8334
2.2864	0.8341
2.2874	0.8348
2.2884	0.8355
2.2894	0.8362
2.2904	0.8369
2.2914	0.8375
2.2924	0.8382
2.2934	0.8389
2.2945	0.8396
2.2955	0.8402
2.2965	0.8408
2.2975	0.8414
2.2985	0.842
2.2995	0.8426
2.3006	0.8431
2.3016	0.8437
2.3026	0.8443
2.3036	0.8448
2.3047	0.8454
2.3057	0.8459
2.3067	0.8464
2.3077	0.847
2.3088	0.8475
2.3098	0.8481
2.3108	0.8486
2.3118	0.8491
2.3129	0.8496
2.3139	0.8501
2.3149	0.8505
2.316	0.851
2.317	0.8514
2.318	0.8519
2.3191	0.8523
2.3201	0.8526
2.3212	0.853
2.3222	0.8533
2.3232	0.8537
2.3243	0.854
2.3253	0.8544
2.3264	0.8547
2.3274	0.855
2.3285	0.8553
2.3295	0.8556
2.3305	0.8558
2.3316	0.8561
2.3326	0.8563
2.3337	0.8565
2.3347	0.8567
2.3358	0.8569
2.3368	0.8571
2.3379	0.8572
2.339	0.8573
2.34	0.8574
2.3411	0.8576
2.3421	0.8577
2.3432	0.8578
2.3442	0.8579
2.3453	0.8579
2.3464	0.858
2.3474	0.8581
2.3485	0.8581
2.3496	0.8582
2.3506	0.8583
2.3517	0.8584
2.3528	0.8584
2.3538	0.8584
2.3549	0.8584
2.356	0.8584
2.357	0.8584
2.3581	0.8584
2.3592	0.8583
2.3602	0.8583
2.3613	0.8582
2.3624	0.8582
2.3635	0.858
2.3646	0.8579
2.3656	0.8578
2.3667	0.8576
2.3678	0.8575
2.3689	0.8574
2.37	0.8572
2.371	0.857
2.3721	0.8568
2.3732	0.8566
2.3743	0.8564
2.3754	0.8562
2.3765	0.856
2.3776	0.8557
2.3787	0.8555
2.3797	0.8552
2.3808	0.8549
2.3819	0.8546
2.383	0.8543
2.3841	0.854
2.3852	0.8536
2.3863	0.8533
2.3874	0.8529
2.3885	0.8525
2.3896	0.8521
2.3907	0.8516
2.3918	0.8512
2.3929	0.8507
2.394	0.8502
2.3951	0.8497
2.3962	0.8492
2.3973	0.8486
2.3985	0.848
2.3996	0.8474
2.4007	0.8468
2.4018	0.8462
2.4029	0.8456
2.404	0.845
2.4051	0.8444
2.4062	0.8437
2.4074	0.843
2.4085	0.8422
2.4096	0.8415
2.4107	0.8408
2.4118	0.8401
2.413	0.8394
2.4141	0.8387
2.4152	0.838
2.4163	0.8372
2.4175	0.8364
2.4186	0.8356
2.4197	0.8348
2.4209	0.834
2.422	0.8332
2.4231	0.8324
2.4242	0.8316
2.4254	0.8307
2.4265	0.8299
2.4277	0.8291
2.4288	0.8283
2.4299	0.8275
2.4311	0.8267
2.4322	0.8259
2.4333	0.8251
2.4345	0.8243
2.4356	0.8234
2.4368	0.8226
2.4379	0.8217
2.4391	0.8209
2.4402	0.8201
2.4414	0.8193
2.4425	0.8185
2.4437	0.8177
2.4448	0.8169
2.446	0.8162
2.4471	0.8154
2.4483	0.8147
2.4494	0.814
2.4506	0.8133
2.4518	0.8125
2.4529	0.8118
2.4541	0.811
2.4552	0.8103
2.4564	0.8096
2.4576	0.8089
2.4587	0.8083
2.4599	0.8076
2.4611	0.8069
2.4622	0.8062
2.4634	0.8055
2.4646	0.8048
2.4657	0.8042
2.4669	0.8036
2.4681	0.803
2.4693	0.8024
2.4704	0.8017
2.4716	0.8011
2.4728	0.8004
2.474	0.7998
2.4752	0.7991
2.4763	0.7985
2.4775	0.7979
2.4787	0.7973
2.4799	0.7967
2.4811	0.796
2.4823	0.7954
2.4835	0.7947
2.4847	0.7941
2.4858	0.7935
2.487	0.7929
2.4882	0.7922
2.4894	0.7915
2.4906	0.7908
2.4918	0.7901
2.493	0.7894
2.4942	0.7887
2.4954	0.788
2.4966	0.7873
2.4978	0.7866
2.499	0.7858
2.5002	0.7851
2.5014	0.7843
2.5026	0.7836
2.5038	0.7829
2.5051	0.7823
2.5063	0.7815
2.5075	0.7808
2.5087	0.78
2.5099	0.7792
2.5111	0.7784
2.5123	0.7777
2.5136	0.7769
2.5148	0.7762
2.516	0.7755
2.5172	0.7747
2.5184	0.7738
2.5197	0.7729
2.5209	0.772
2.5221	0.7712
2.5233	0.7704
2.5246	0.7697
2.5258	0.769
2.527	0.7683
2.5283	0.7676
2.5295	0.7668
2.5307	0.7661
2.532	0.7653
2.5332	0.7644
2.5344	0.7636
2.5357	0.7627
2.5369	0.7618
2.5382	0.7609
2.5394	0.7599
2.5406	0.7591
2.5419	0.7583
2.5431	0.7577
2.5444	0.757
2.5456	0.7563
2.5469	0.7555
2.5481	0.7545
2.5494	0.7534
2.5506	0.7521
2.5519	0.7509
2.5532	0.7498
2.5544	0.7487
2.5557	0.7478
2.5569	0.747
2.5582	0.7463
2.5595	0.7457
2.5607	0.7452
2.562	0.7448
2.5633	0.7444
2.5645	0.7438
2.5658	0.7431
2.5671	0.7422
2.5683	0.7411
2.5696	0.74
2.5709	0.7389
2.5722	0.738
2.5734	0.7371
2.5747	0.7364
2.576	0.7357
2.5773	0.735
2.5786	0.7343
2.5798	0.7336
2.5811	0.7329
2.5824	0.7323
2.5837	0.7318
2.585	0.7313
2.5863	0.7306
2.5876	0.7298
2.5888	0.7287
2.5901	0.7274
2.5914	0.7261
2.5927	0.7249
2.594	0.7238
2.5953	0.723
2.5966	0.7224
2.5979	0.7218
2.5992	0.7213
2.6005	0.7208
2.6018	0.7203
2.6031	0.7198
2.6045	0.7194
2.6058	0.7189
2.6071	0.7182
2.6084	0.7174
2.6097	0.7164
2.611	0.7154
2.6123	0.7145
2.6136	0.7136
2.615	0.7128
2.6163	0.7119
2.6176	0.7108
2.6189	0.7095
2.6202	0.7079
2.6216	0.7063
2.6229	0.7048
2.6242	0.7036
2.6256	0.7027
2.6269	0.702
2.6282	0.7013
2.6295	0.7003
2.6309	0.6989
2.6322	0.6969
2.6336	0.6948
2.6349	0.6926
2.6362	0.6906
2.6376	0.6888
2.6389	0.6871
2.6403	0.6853
2.6416	0.6834
2.6429	0.6813
2.6443	0.679
2.6456	0.6767
2.647	0.6744
2.6483	0.672
2.6497	0.6696
2.6511	0.667
2.6524	0.6642
2.6538	0.6612
2.6551	0.658
2.6565	0.6548
2.6579	0.6515
2.6592	0.6479
2.6606	0.6439
2.6619	0.6391
2.6633	0.6333
2.6647	0.6261
2.666	0.6178
2.6674	0.6089
2.6688	0.6002
2.6702	0.5924
2.6715	0.5862
2.6729	0.5814
2.6743	0.5777
2.6757	0.5744
2.6771	0.5705
2.6784	0.5653
2.6798	0.5581
2.6812	0.5486
2.6826	0.5366
2.684	0.5226
2.6854	0.5071
2.6868	0.4907
2.6882	0.4738
2.6896	0.4571
2.691	0.4406
2.6924	0.4244
2.6937	0.4087
2.6951	0.3936
2.6966	0.3793
2.698	0.366
2.6994	0.3538
2.7008	0.3428
2.7022	0.3762
2.7036	0.3677
2.705	0.3601
2.7064	0.3533
2.7078	0.3472
2.7092	0.3415
2.7106	0.3364
2.7121	0.3319
2.7135	0.328
2.7149	0.3248
2.7163	0.3222
2.7178	0.32
2.7192	0.3182
2.7206	0.3165
2.722	0.3147
2.7235	0.3127
2.7249	0.3107
2.7263	0.3087
2.7278	0.3071
2.7292	0.3059
2.7306	0.3051
2.7321	0.3048
2.7335	0.3047
2.735	0.3048
2.7364	0.305
2.7378	0.3051
2.7393	0.305
2.7407	0.3048
2.7422	0.3043
2.7436	0.3037
2.7451	0.303
2.7465	0.3023
2.748	0.3017
2.7495	0.3012
2.7509	0.3009
2.7524	0.3008
2.7538	0.3008
2.7553	0.3008
2.7568	0.3008
2.7582	0.3006
2.7597	0.3005
2.7612	0.3003
2.7626	0.3002
2.7641	0.3003
2.7656	0.3006
2.7671	0.301
2.7685	0.3016
2.77	0.3022
2.7715	0.303
2.773	0.3038
2.7745	0.3049
2.7759	0.3063
2.7774	0.3079
2.7789	0.3096
2.7804	0.3115
2.7819	0.3133
2.7834	0.315
2.7849	0.3166
2.7864	0.3181
2.7879	0.3193
2.7894	0.3204
2.7909	0.3213
2.7924	0.3219
2.7939	0.3224
2.7954	0.3228
2.7969	0.323
2.7984	0.3233
2.7999	0.3236
2.8014	0.3239
2.803	0.324
2.8045	0.324
2.806	0.3239
2.8075	0.3237
2.809	0.3234
2.8106	0.3234
2.8121	0.3235
2.8136	0.324
2.8151	0.3247
2.8167	0.3255
2.8182	0.3264
2.8197	0.3273
2.8213	0.328
2.8228	0.3287
2.8243	0.3293
2.8259	0.33
2.8274	0.3306
2.829	0.3312
2.8305	0.3317
2.832	0.3322
2.8336	0.3325
2.8351	0.3327
2.8367	0.3329
2.8382	0.333
2.8398	0.333
2.8414	0.3329
2.8429	0.3328
2.8445	0.3326
2.846	0.3324
2.8476	0.3323
2.8492	0.3322
2.8507	0.3321
2.8523	0.332
2.8539	0.3318
2.8554	0.3315
2.857	0.3312
2.8586	0.3307
2.8602	0.3303
2.8617	0.3299
2.8633	0.3296
2.8649	0.3294
2.8665	0.3291
2.8681	0.3289
2.8697	0.3285
2.8712	0.3282
2.8728	0.3278
2.8744	0.3274
2.876	0.3272
2.8776	0.3269
2.8792	0.3267
2.8808	0.3264
2.8824	0.3262
2.884	0.3259
2.8856	0.3257
2.8872	0.3254
2.8888	0.3253
2.8904	0.3251
2.8921	0.325
2.8937	0.3248
2.8953	0.3246
2.8969	0.3244
2.8985	0.3243
2.9001	0.3242
2.9018	0.3241
2.9034	0.324
2.905	0.3239
2.9067	0.3237
2.9083	0.3235
2.9099	0.3233
2.9115	0.3231
2.9132	0.323
2.9148	0.323
2.9165	0.323
2.9181	0.3231
2.9197	0.3231
2.9214	0.3231
2.923	0.323
2.9247	0.3229
2.9263	0.3229
2.928	0.3229
2.9296	0.323
2.9313	0.323
2.933	0.3231
2.9346	0.3231
2.9363	0.3232
2.9379	0.3232
2.9396	0.3233
2.9413	0.3235
2.9429	0.3237
2.9446	0.3239
2.9463	0.324
2.948	0.3242
2.9496	0.3243
2.9513	0.3244
2.953	0.3246
2.9547	0.3248
2.9564	0.3251
2.9581	0.3253
2.9597	0.3255
2.9614	0.3257
2.9631	0.326
2.9648	0.3262
2.9665	0.3265
2.9682	0.3268
2.9699	0.3272
2.9716	0.3276
2.9733	0.3279
2.975	0.3282
2.9767	0.3285
2.9784	0.3288
2.9802	0.3291
2.9819	0.3294
2.9836	0.3298
2.9853	0.3302
2.987	0.3305
2.9887	0.3309
2.9905	0.3312
2.9922	0.3316
2.9939	0.332
2.9956	0.3325
2.9974	0.333
2.9991	0.3334
3.0008	0.3339
3.0026	0.3343
3.0043	0.3347
3.0061	0.3352
3.0078	0.3356
3.0096	0.3361
3.0113	0.3366
3.0131	0.3371
3.0148	0.3376
3.0166	0.3381
3.0183	0.3385
3.0201	0.3389
3.0218	0.3394
3.0236	0.3399
3.0254	0.3404
3.0271	0.3409
3.0289	0.3414
3.0307	0.3419
3.0324	0.3423
3.0342	0.3428
3.036	0.3432
3.0378	0.3437
3.0395	0.3442
3.0413	0.3448
3.0431	0.3452
3.0449	0.3457
3.0467	0.3462
3.0485	0.3466
3.0503	0.3471
3.0521	0.3476
3.0539	0.348
3.0557	0.3485
3.0575	0.349
3.0593	0.3494
3.0611	0.3497
3.0629	0.3501
3.0647	0.3505
3.0665	0.3509
3.0683	0.3514
3.0701	0.3518
3.072	0.3522
3.0738	0.3526
3.0756	0.353
3.0774	0.3533
3.0793	0.3537
3.0811	0.3541
3.0829	0.3545
3.0848	0.355
3.0866	0.3554
3.0884	0.3558
3.0903	0.3562
3.0921	0.3567
3.094	0.3571
3.0958	0.3577
3.0977	0.3582
3.0995	0.3588
3.1014	0.3595
3.1032	0.3601
3.1051	0.3607
3.1069	0.3614
3.1088	0.3622
3.1107	0.3629
3.1125	0.3638
3.1144	0.3646
3.1163	0.3655
3.1181	0.3664
3.12	0.3672
3.1219	0.3681
3.1238	0.3691
3.1257	0.3701
3.1275	0.3712
3.1294	0.3723
3.1313	0.3733
3.1332	0.3744
3.1351	0.3755
3.137	0.3765
3.1389	0.3776
3.1408	0.3788
3.1427	0.3799
3.1446	0.3811
3.1465	0.3822
3.1484	0.3833
3.1503	0.3844
3.1523	0.3855
3.1542	0.3866
3.1561	0.3878
3.158	0.389
3.1599	0.3902
3.1619	0.3913
3.1638	0.3925
3.1657	0.3936
3.1677	0.3947
3.1696	0.3959
3.1715	0.3971
3.1735	0.3983
3.1754	0.3995
3.1774	0.4007
3.1793	0.4019
3.1813	0.4031
3.1832	0.4043
3.1852	0.4055
3.1871	0.4068
3.1891	0.408
3.1911	0.4093
3.193	0.4106
3.195	0.4118
3.197	0.4131
3.1989	0.4143
3.2009	0.4155
3.2029	0.4168
3.2049	0.4181
3.2068	0.4194
3.2088	0.4206
3.2108	0.4218
3.2128	0.4231
3.2148	0.4243
3.2168	0.4255
3.2188	0.4268
3.2208	0.4281
3.2228	0.4294
3.2248	0.4307
3.2268	0.432
3.2288	0.4333
3.2308	0.4345
3.2328	0.4357
3.2349	0.437
3.2369	0.4383
3.2389	0.4395
3.2409	0.4408
3.2429	0.442
3.245	0.4432
3.247	0.4445
3.249	0.4458
3.2511	0.4471
3.2531	0.4484
3.2552	0.4498
3.2572	0.4512
3.2593	0.4525
3.2613	0.4539
3.2634	0.4553
3.2654	0.4567
3.2675	0.4581
3.2695	0.4595
3.2716	0.4609
3.2737	0.4623
3.2757	0.4636
3.2778	0.4649
3.2799	0.4663
3.2819	0.4676
3.284	0.469
3.2861	0.4703
3.2882	0.4717
3.2903	0.4731
3.2924	0.4745
3.2945	0.4759
3.2965	0.4772
3.2986	0.4786
3.3007	0.48
3.3028	0.4814
3.305	0.4827
3.3071	0.4841
3.3092	0.4854
3.3113	0.4867
3.3134	0.488
3.3155	0.4893
3.3176	0.4906
3.3198	0.4919
3.3219	0.4932
3.324	0.4944
3.3261	0.4955
3.3283	0.4966
3.3304	0.4977
3.3326	0.4988
3.3347	0.4998
3.3369	0.5009
3.339	0.5019
3.3412	0.5029
3.3433	0.5038
3.3455	0.5047
3.3476	0.5055
3.3498	0.5063
3.352	0.507
3.3541	0.5078
3.3563	0.5085
3.3585	0.5091
3.3606	0.5097
3.3628	0.5103
3.365	0.5108
3.3672	0.5114
3.3694	0.5121
3.3716	0.5128
3.3738	0.5137
3.376	0.5145
3.3782	0.5154
3.3804	0.5164
3.3826	0.5172
3.3848	0.5181
3.387	0.5188
3.3892	0.5194
3.3914	0.5198
3.3936	0.5201
3.3959	0.5203
3.3981	0.5204
3.4003	0.5204
3.4025	0.5205
3.4048	0.5206
3.407	0.5209
3.4092	0.5214
3.4115	0.5221
3.4137	0.5231
3.416	0.5243
3.4182	0.5259
3.4205	0.5276
3.4228	0.5296
3.425	0.5316
3.4273	0.5336
3.4295	0.5356
3.4318	0.5374
3.4341	0.5391
3.4364	0.5406
3.4386	0.5419
3.4409	0.5431
3.4432	0.5442
3.4455	0.5452
3.4478	0.5461
3.4501	0.5468
3.4524	0.5474
3.4547	0.5479
3.457	0.5484
3.4593	0.5487
3.4616	0.549
3.4639	0.5492
3.4662	0.5494
3.4685	0.5494
3.4709	0.5494
3.4732	0.5494
3.4755	0.5493
3.4778	0.5492
3.4802	0.5489
3.4825	0.5486
3.4849	0.5482
3.4872	0.5476
3.4895	0.547
3.4919	0.5464
3.4943	0.5458
3.4966	0.5454
3.499	0.5452
3.5013	0.5452
3.5037	0.5453
3.5061	0.5456
3.5084	0.5459
3.5108	0.5463
3.5132	0.5465
3.5156	0.5467
3.518	0.5468
3.5203	0.5467
3.5227	0.5465
3.5251	0.5462
3.5275	0.5458
3.5299	0.5453
3.5323	0.5447
3.5347	0.5441
3.5372	0.5435
3.5396	0.5429
3.542	0.5422
3.5444	0.5416
3.5468	0.5409
3.5493	0.5402
3.5517	0.5395
3.5541	0.5389
3.5566	0.5382
3.559	0.5376
3.5614	0.5369
3.5639	0.5363
3.5663	0.5356
3.5688	0.5349
3.5713	0.5342
3.5737	0.5335
3.5762	0.5328
3.5787	0.5321
3.5811	0.5314
3.5836	0.5307
3.5861	0.53
3.5886	0.5293
3.591	0.5286
3.5935	0.5279
3.596	0.5271
3.5985	0.5264
3.601	0.5256
3.6035	0.5248
3.606	0.524
3.6085	0.5231
3.611	0.5222
3.6136	0.5213
3.6161	0.5203
3.6186	0.5192
3.6211	0.5182
3.6237	0.517
3.6262	0.5158
3.6287	0.5145
3.6313	0.5132
3.6338	0.5119
3.6364	0.5105
3.6389	0.5091
3.6415	0.5076
3.644	0.506
3.6466	0.5044
3.6492	0.5027
3.6517	0.501
3.6543	0.4992
3.6569	0.4974
3.6595	0.4955
3.6621	0.4936
3.6646	0.4917
3.6672	0.4897
3.6698	0.4877
3.6724	0.4856
3.675	0.4836
3.6776	0.4815
3.6802	0.4795
3.6829	0.4774
3.6855	0.4754
3.6881	0.4733
3.6907	0.4713
3.6934	0.4693
3.696	0.4673
3.6986	0.4654
3.7013	0.4635
3.7039	0.4616
3.7066	0.4598
3.7092	0.458
3.7119	0.4562
3.7145	0.4546
3.7172	0.453
3.7198	0.4514
3.7225	0.4499
3.7252	0.4485
3.7279	0.4472
3.7306	0.4459
3.7332	0.4448
3.7359	0.4437
3.7386	0.4427
3.7413	0.4417
3.744	0.4409
3.7467	0.4401
3.7494	0.4394
3.7521	0.4387
3.7549	0.4381
3.7576	0.4376
3.7603	0.4372
3.763	0.4368
3.7658	0.4365
3.7685	0.4363
3.7712	0.4361
3.774	0.4359
3.7767	0.4358
3.7795	0.4357
3.7823	0.4357
3.785	0.4357
3.7878	0.4358
3.7905	0.4359
3.7933	0.4359
3.7961	0.436
3.7989	0.4361
3.8017	0.4362
3.8045	0.4363
3.8072	0.4364
3.81	0.4366
3.8128	0.4366
3.8156	0.4367
3.8185	0.4368
3.8213	0.4369
3.8241	0.4369
3.8269	0.4369
3.8297	0.437
3.8326	0.437
3.8354	0.4369
3.8382	0.4368
3.8411	0.4367
3.8439	0.4366
3.8468	0.4364
3.8496	0.4363
3.8525	0.4361
3.8554	0.4359
3.8582	0.4357
3.8611	0.4355
3.864	0.4352
3.8669	0.4349
3.8698	0.4346
3.8726	0.4343
3.8755	0.434
3.8784	0.4337
3.8813	0.4333
3.8842	0.433
3.8872	0.4326
3.8901	0.4322
3.893	0.4318
3.8959	0.4314
3.8988	0.431
3.9018	0.4306
3.9047	0.4301
3.9077	0.4297
3.9106	0.4292
3.9136	0.4287
3.9165	0.4282
3.9195	0.4278
3.9224	0.4273
3.9254	0.4268
3.9284	0.4262
3.9314	0.4257
3.9343	0.4251
3.9373	0.4245
3.9403	0.4239
3.9433	0.4233
3.9463	0.4226
3.9493	0.422
3.9523	0.4213
3.9554	0.4206
3.9584	0.4198
3.9614	0.419
3.9644	0.4181
3.9675	0.4172
3.9705	0.4163
3.9735	0.4153
3.9766	0.4143
3.9796	0.4132
3.9827	0.4121
3.9858	0.4109
3.9888	0.4097
3.9919	0.4084
3.995	0.4071
3.998	0.4057
4.0011	0.4043
4.0042	0.4029
4.0073	0.4013
4.0104	0.3997
4.0135	0.3981
4.0166	0.3964
4.0197	0.3946
4.0229	0.3928
4.026	0.391
4.0291	0.3891
4.0322	0.3871
4.0354	0.3851
4.0385	0.3831
4.0417	0.3811
4.0448	0.379
4.048	0.3769
4.0511	0.3747
4.0543	0.3726
4.0575	0.3704
4.0607	0.3682
4.0638	0.366
4.067	0.3637
4.0702	0.3615
4.0734	0.3593
4.0766	0.357
4.0798	0.3547
4.083	0.3524
4.0863	0.3502
4.0895	0.3479
4.0927	0.3457
4.0959	0.3435
4.0992	0.3413
4.1024	0.3391
4.1057	0.337
4.1089	0.3349
4.1122	0.3328
4.1154	0.3308
4.1187	0.3288
4.122	0.3268
4.1253	0.3249
4.1286	0.323
4.1318	0.3211
4.1351	0.3193
4.1384	0.3175
4.1417	0.3158
4.1451	0.3141
4.1484	0.3125
4.1517	0.3109
4.155	0.3093
4.1584	0.3078
4.1617	0.3063
4.165	0.3049
4.1684	0.3035
4.1717	0.3022
4.1751	0.301
4.1785	0.2999
4.1818	0.299
4.1852	0.2983
4.1886	0.2977
4.192	0.2974
4.1954	0.2973
4.1988	0.2973
4.2022	0.2977
4.2056	0.2982
4.209	0.2989
4.2124	0.2998
4.2158	0.3009
4.2193	0.3021
4.2227	0.3033
4.2261	0.3042
4.2296	0.3042
4.233	0.3026
4.2365	0.2993
4.24	0.2951
4.2434	0.291
4.2469	0.2875
4.2504	0.2847
4.2539	0.2825
4.2574	0.2807
4.2609	0.2789
4.2644	0.2771
4.2679	0.275
4.2714	0.2724
4.2749	0.2695
4.2784	0.266
4.282	0.2623
4.2855	0.2584
4.2891	0.2543
4.2926	0.2502
4.2962	0.246
4.2997	0.2418
4.3033	0.2377
4.3069	0.2337
4.3104	0.2299
4.314	0.2263
4.3176	0.2228
4.3212	0.2194
4.3248	0.2161
4.3284	0.2128
4.3321	0.2097
4.3357	0.2068
4.3393	0.204
4.3429	0.2013
4.3466	0.1987
4.3502	0.1962
4.3539	0.1938
4.3575	0.1915
4.3612	0.1893
4.3649	0.1873
4.3685	0.1854
4.3722	0.1836
4.3759	0.182
4.3796	0.1805
4.3833	0.1791
4.387	0.1779
4.3907	0.1768
4.3945	0.1758
4.3982	0.1748
4.4019	0.174
4.4057	0.1733
4.4094	0.1726
4.4132	0.1721
4.4169	0.1716
4.4207	0.1711
4.4245	0.1708
4.4282	0.1706
4.432	0.1705
4.4358	0.1705
4.4396	0.1705
4.4434	0.1707
4.4472	0.1709
4.451	0.1711
4.4549	0.1715
4.4587	0.1719
4.4625	0.1724
4.4664	0.173
4.4702	0.1736
4.4741	0.1743
4.4779	0.175
4.4818	0.1758
4.4857	0.1766
4.4896	0.1775
4.4935	0.1784
4.4974	0.1792
4.5013	0.1801
4.5052	0.181
4.5091	0.1819
4.513	0.1828
4.517	0.1836
4.5209	0.1844
4.5248	0.1852
4.5288	0.1859
4.5328	0.1866
4.5367	0.1872
4.5407	0.1877
4.5447	0.1881
4.5487	0.1884
4.5526	0.1886
4.5566	0.1888
4.5607	0.1888
4.5647	0.1888
4.5687	0.1886
4.5727	0.1884
4.5768	0.188
4.5808	0.1875
4.5849	0.1869
4.5889	0.1862
4.593	0.1854
4.597	0.1845
4.6011	0.1835
4.6052	0.1824
4.6093	0.1813
4.6134	0.18
4.6175	0.1787
4.6216	0.1773
4.6258	0.1758
4.6299	0.1743
4.634	0.1726
4.6382	0.1709
4.6423	0.1692
4.6465	0.1674
4.6506	0.1655
4.6548	0.1636
4.659	0.1617
4.6632	0.1597
4.6674	0.1576
4.6716	0.1555
4.6758	0.1534
4.68	0.1512
4.6843	0.1489
4.6885	0.1466
4.6927	0.1443
4.697	0.1418
4.7012	0.1393
4.7055	0.1367
4.7098	0.134
4.7141	0.1313
4.7183	0.1285
4.7226	0.1256
4.727	0.1226
4.7313	0.1194
4.7356	0.1163
4.7399	0.113
4.7443	0.1097
4.7486	0.1063
4.7529	0.1029
4.7573	0.0995
4.7617	0.096
4.7661	0.0926
4.7704	0.0891
4.7748	0.0857
4.7792	0.0823
4.7836	0.079
4.7881	0.0757
4.7925	0.0726
4.7969	0.0695
4.8014	0.0665
4.8058	0.0637
4.8103	0.0609
4.8147	0.0583
4.8192	0.0558
4.8237	0.0534
4.8282	0.0512
4.8327	0.0491
4.8372	0.0471
4.8417	0.0452
4.8462	0.0434
4.8508	0.0417
4.8553	0.0401
4.8599	0.0387
4.8644	0.0373
4.869	0.0361
4.8736	0.0349
4.8781	0.0338
4.8827	0.0327
4.8873	0.0318
4.8919	0.0309
4.8966	0.0302
4.9012	0.0294
4.9058	0.0288
4.9105	0.0281
4.9151	0.0276
4.9198	0.027
4.9245	0.0265
4.9292	0.026
4.9338	0.0256
4.9385	0.0253
4.9432	0.0249
4.948	0.0246
4.9527	0.0244
4.9574	0.0241
4.9622	0.0239
4.9669	0.0236
4.9717	0.0235
4.9765	0.0233
4.9812	0.0231
4.986	0.023
4.9908	0.0228
4.9956	0.0227
5.0005	0.0226
5.0053	0.0224
5.0101	0.0224
5.015	0.0223
5.0198	0.0222
5.0247	0.0222
5.0296	0.0221
5.0344	0.022
5.0393	0.0219
5.0442	0.0219
5.0491	0.0219
5.0541	0.0218
5.059	0.0218
5.0639	0.0218
5.0689	0.0218
5.0738	0.0218
5.0788	0.0218
5.0838	0.0218
5.0888	0.0219
5.0938	0.0219
5.0988	0.0219
5.1038	0.0219
5.1088	0.0219
5.1139	0.0218
5.1189	0.0218
5.124	0.0218
5.129	0.0218
5.1341	0.0218
5.1392	0.0217
5.1443	0.0216
5.1494	0.0215
5.1545	0.0214
5.1597	0.0213
5.1648	0.0211
5.17	0.021
5.1751	0.0208
5.1803	0.0206
5.1855	0.0205
5.1907	0.0203
5.1959	0.0201
5.2011	0.0199
5.2063	0.0197
5.2115	0.0195
5.2168	0.0193
5.222	0.019
5.2273	0.0188
5.2326	0.0186
5.2378	0.0183
5.2431	0.0181
5.2484	0.0179
5.2538	0.0177
5.2591	0.0175
5.2644	0.0174
5.2698	0.0172
5.2751	0.0171
5.2805	0.0169
5.2859	0.0168
5.2913	0.0167
5.2967	0.0166
5.3021	0.0165
5.3075	0.0164
5.313	0.0163
5.3184	0.0162
5.3239	0.0162
5.3294	0.0161
5.3348	0.0161
5.3403	0.0161
5.3458	0.0161
5.3514	0.0162
5.3569	0.0162
5.3624	0.0162
5.368	0.0162
5.3735	0.0162
5.3791	0.0162
5.3847	0.0162
5.3903	0.0163
5.3959	0.0163
5.4015	0.0164
5.4072	0.0165
5.4128	0.0166
5.4185	0.0167
5.4241	0.0168
5.4298	0.0169
5.4355	0.017
5.4412	0.0171
5.4469	0.0172
5.4526	0.0172
5.4584	0.0173
5.4641	0.0174
5.4699	0.0175
5.4757	0.0176
5.4815	0.0177
5.4873	0.0177
5.4931	0.0178
5.4989	0.0179
5.5047	0.0179
5.5106	0.018
5.5165	0.0181
5.5223	0.0182
5.5282	0.0183
5.5341	0.0184
5.54	0.0185
5.546	0.0186
5.5519	0.0186
5.5578	0.0187
5.5638	0.0188
5.5698	0.0188
5.5758	0.0188
5.5818	0.0188
5.5878	0.0188
5.5938	0.0188
5.5999	0.0187
5.6059	0.0187
5.612	0.0187
5.6181	0.0187
5.6242	0.0187
5.6303	0.0187
5.6364	0.0187
5.6425	0.0187
5.6487	0.0186
5.6548	0.0186
5.661	0.0185
5.6672	0.0184
5.6734	0.0183
5.6796	0.0183
5.6858	0.0182
5.6921	0.0182
5.6983	0.0182
5.7046	0.0182
5.7109	0.0181
5.7172	0.0181
5.7235	0.0181
5.7298	0.0181
5.7361	0.018
5.7425	0.0179
5.7489	0.0178
5.7552	0.0178
5.7616	0.0177
5.768	0.0176
5.7745	0.0174
5.7809	0.0173
5.7874	0.0172
5.7938	0.0171
5.8003	0.017
5.8068	0.0169
5.8133	0.0168
5.8198	0.0167
5.8264	0.0166
5.8329	0.0165
5.8395	0.0164
5.8461	0.0163
5.8527	0.0161
5.8593	0.016
5.8659	0.0159
5.8726	0.0158
5.8792	0.0157
5.8859	0.0156
5.8926	0.0154
5.8993	0.0152
5.906	0.015
5.9127	0.0149
5.9195	0.0148
5.9262	0.0146
5.933	0.0145
5.9398	0.0144
5.9466	0.0143
5.9535	0.0142
5.9603	0.014
5.9672	0.0139
5.974	0.0137
5.9809	0.0136
5.9878	0.0135
5.9948	0.0134
6.0017	0.0133
6.0087	0.0132
6.0156	0.0131
6.0226	0.0131
6.0296	0.013
6.0366	0.013
6.0437	0.013
6.0507	0.013
6.0578	0.0129
6.0649	0.0129
6.072	0.0128
6.0791	0.0126
6.0862	0.0125
6.0934	0.0124
6.1005	0.0123
6.1077	0.0122
6.1149	0.0122
6.1222	0.0121
6.1294	0.012
6.1366	0.0119
6.1439	0.0119
6.1512	0.0119
6.1585	0.0119
6.1658	0.0118
6.1732	0.0118
6.1805	0.0118
6.1879	0.0117
6.1953	0.0117
6.2027	0.0117
6.2101	0.0116
6.2176	0.0116
6.225	0.0116
6.2325	0.0115
6.24	0.0115
6.2476	0.0114
6.2551	0.0114
6.2626	0.0114
6.2702	0.0114
6.2778	0.0114
6.2854	0.0113
6.293	0.0113
6.3007	0.0113
6.3084	0.0112
6.316	0.0112
6.3237	0.0112
6.3315	0.0112
6.3392	0.0112
6.347	0.0111
6.3547	0.0111
6.3625	0.0111
6.3704	0.0111
6.3782	0.0111
6.386	0.011
6.3939	0.011
6.4018	0.011
6.4097	0.011
6.4177	0.0109
6.4256	0.0109
6.4336	0.0108
6.4416	0.0107
6.4496	0.0107
6.4576	0.0106
6.4657	0.0106
6.4737	0.0106
6.4818	0.0105
6.4899	0.0105
6.4981	0.0103
6.5062	0.0102
6.5144	0.0101
6.5226	0.01
6.5308	0.01
6.5391	0.0099
6.5473	0.0099
6.5556	0.0098
6.5639	0.0097
6.5722	0.0096
6.5805	0.0096
6.5889	0.0095
6.5973	0.0094
6.6057	0.0093
6.6141	0.0092
6.6226	0.0091
6.631	0.0089
6.6395	0.0088
6.648	0.0087
6.6566	0.0085
6.6651	0.0084
6.6737	0.0083
6.6823	0.0082
6.6909	0.0082
6.6996	0.0081
6.7082	0.008
6.7169	0.0079
6.7256	0.0078
6.7344	0.0077
6.7431	0.0076
6.7519	0.0075
6.7607	0.0075
6.7695	0.0074
6.7784	0.0073
6.7873	0.0072
6.7962	0.0071
6.8051	0.007
6.814	0.0069
6.823	0.0068
6.832	0.0067
6.841	0.0066
6.85	0.0066
6.8591	0.0065
6.8682	0.0064
6.8773	0.0063
6.8864	0.0062
6.8956	0.0061
6.9048	0.006
6.914	0.0059
6.9232	0.0058
6.9324	0.0057
6.9417	0.0056
6.951	0.0056
6.9604	0.0055
6.9697	0.0054
6.9791	0.0054
6.9885	0.0053
6.9979	0.0052
7.0074	0.0052
7.0169	0.0051
7.0264	0.005
7.0359	0.005
7.0455	0.0049
7.0551	0.0048
7.0647	0.0047
7.0743	0.0046
7.084	0.0046
7.0937	0.0045
7.1034	0.0045
7.1131	0.0044
7.1229	0.0044
7.1327	0.0043
7.1425	0.0042
7.1524	0.0042
7.1622	0.0041
7.1722	0.0041
7.1821	0.004
7.1921	0.0039
7.202	0.0039
7.2121	0.0038
7.2221	0.0038
7.2322	0.0037
7.2423	0.0037
7.2524	0.0037
7.2626	0.0036
7.2727	0.0036
7.283	0.0036
7.2932	0.0036
7.3035	0.0036
7.3138	0.0037
7.3241	0.0037
7.3345	0.0038
7.3449	0.0038
7.3553	0.0039
7.3657	0.0039
7.3762	0.004
7.3867	0.004
7.3972	0.0041
7.4078	0.0042
7.4184	0.0043
7.429	0.0045
7.4397	0.0047
7.4504	0.0048
7.4611	0.005
7.4719	0.0053
7.4826	0.0055
7.4934	0.0058
7.5043	0.0061
7.5152	0.0064
7.5261	0.0067
7.537	0.007
7.548	0.0074
7.559	0.0079
7.57	0.0084
7.5811	0.009
7.5922	0.0096
7.6033	0.0104
7.6145	0.0112
7.6257	0.012
7.6369	0.013
7.6482	0.0141
7.6595	0.0152
7.6708	0.0165
7.6822	0.0179
7.6936	0.0194
7.705	0.0211
7.7165	0.023
7.728	0.0251
7.7395	0.0274
7.7511	0.03
7.7627	0.0329
7.7743	0.036
7.786	0.0395
7.7977	0.0434
7.8094	0.0477
7.8212	0.0523
7.833	0.0574
7.8449	0.0629
7.8568	0.0688
7.8687	0.075
7.8806	0.0816
7.8926	0.0883
7.9047	0.0951
7.9167	0.1018
7.9288	0.1082
7.941	0.1143
7.9532	0.1199
7.9654	0.1249
7.9776	0.1294
7.9899	0.1333
8.0023	0.1367
8.0146	0.1395
8.027	0.1418
8.0395	0.1436
8.052	0.1451
8.0645	0.1461
8.077	0.1469
8.0897	0.1475
8.1023	0.1478
8.115	0.1479
8.1277	0.1479
8.1405	0.1478
8.1532	0.1475
8.1661	0.1473
8.179	0.147
8.1919	0.1468
8.2049	0.1466
8.2179	0.1464
8.2309	0.1463
8.244	0.1463
8.2571	0.1463
8.2703	0.1464
8.2835	0.1467
8.2967	0.1471
8.31	0.1476
8.3234	0.1482
8.3368	0.1489
8.3502	0.1498
8.3637	0.1507
8.3772	0.1519
8.3907	0.1531
8.4043	0.1545
8.418	0.1561
8.4317	0.1578
8.4454	0.1596
8.4592	0.1615
8.473	0.1635
8.4869	0.1657
8.5008	0.168
8.5147	0.1704
8.5287	0.173
8.5428	0.1757
8.5569	0.1785
8.571	0.1814
8.5852	0.1845
8.5995	0.1878
8.6137	0.1913
8.6281	0.195
8.6424	0.1989
8.6569	0.203
8.6713	0.2073
8.6859	0.2118
8.7004	0.2164
8.7151	0.2212
8.7297	0.2262
8.7445	0.2313
8.7592	0.2365
8.7741	0.2416
8.7889	0.2467
8.8038	0.2516
8.8188	0.2562
8.8338	0.2606
8.8489	0.2645
8.864	0.268
8.8792	0.2708
8.8945	0.2728
8.9097	0.274
8.9251	0.2743
8.9405	0.2736
8.9559	0.2719
8.9714	0.2694
8.9869	0.2661
9.0025	0.262
9.0182	0.2573
9.0339	0.2522
9.0497	0.2468
9.0655	0.2411
9.0814	0.2355
9.0973	0.2299
9.1133	0.2244
9.1293	0.2191
9.1454	0.214
9.1616	0.2091
9.1778	0.2043
9.1941	0.1998
9.2104	0.1955
9.2268	0.1914
9.2433	0.1875
9.2598	0.1838
9.2763	0.1803
9.293	0.1768
9.3096	0.1735
9.3264	0.1703
9.3432	0.1672
9.36	0.1642
9.377	0.1613
9.394	0.1585
9.411	0.1558
9.4281	0.1531
9.4453	0.1504
9.4625	0.1478
9.4798	0.1453
9.4972	0.1428
9.5146	0.1403
9.5321	0.1379
9.5497	0.1354
9.5673	0.133
9.585	0.1306
9.6027	0.1282
9.6205	0.1257
9.6384	0.1233
9.6564	0.121
9.6744	0.1186
9.6925	0.1162
9.7106	0.1138
9.7288	0.1114
9.7471	0.109
9.7655	0.1065
9.7839	0.1041
9.8024	0.1018
9.821	0.0994
9.8396	0.0971
9.8583	0.0947
9.8771	0.0925
9.8959	0.0902
9.9149	0.0881
9.9338	0.086
9.9529	0.084
9.972	0.0821
9.9913	0.0802
10.0106	0.0785
10.0299	0.0768
10.0494	0.0752
10.0689	0.0737
10.0885	0.0723
10.1081	0.0709
10.1279	0.0697
10.1477	0.0684
10.1676	0.0673
10.1876	0.0662
10.2076	0.0651
10.2277	0.0642
10.248	0.0632
10.2683	0.0623
10.2886	0.0615
10.3091	0.0607
10.3296	0.0599
10.3502	0.0592
10.3709	0.0584
10.3917	0.0577
10.4126	0.057
10.4335	0.0564
10.4546	0.0557
10.4757	0.0551
10.4969	0.0546
10.5182	0.054
10.5396	0.0535
10.561	0.0529
10.5826	0.0524
10.6042	0.0519
10.626	0.0514
10.6478	0.0509
10.6697	0.0503
10.6917	0.0499
10.7138	0.0494
10.736	0.0489
10.7582	0.0484
10.7806	0.0479
10.8031	0.0475
10.8256	0.047
10.8483	0.0466
10.871	0.0461
10.8938	0.0457
10.9168	0.0452
10.9398	0.0447
10.9629	0.0442
10.9862	0.0438
11.0095	0.0433
11.0329	0.0428
11.0564	0.0423
11.0801	0.0419
11.1038	0.0414
11.1276	0.0409
11.1515	0.0404
11.1756	0.0399
11.1997	0.0394
11.224	0.0389
11.2483	0.0384
11.2728	0.0379
11.2973	0.0374
11.322	0.0368
11.3468	0.0363
11.3716	0.0357
11.3966	0.0351
11.4217	0.0345
11.4469	0.0339
11.4723	0.0333
11.4977	0.0326
11.5233	0.0319
11.5489	0.0313
11.5747	0.0306
11.6006	0.0299
11.6266	0.0294
11.6527	0.0288
11.679	0.0283
11.7053	0.0279
11.7318	0.0276
11.7584	0.0273
11.7852	0.0271
11.812	0.027
11.839	0.0269
11.8661	0.0269
11.8933	0.0269
11.9206	0.0271
11.9481	0.0273
11.9757	0.0275
12.0034	0.0279
12.0312	0.0283
12.0592	0.0288
12.0873	0.0293
12.1156	0.0298
12.144	0.0304
12.1725	0.0309
12.2011	0.0315
12.2299	0.0321
12.2588	0.0327
12.2878	0.0334
12.317	0.034
12.3463	0.0347
12.3758	0.0353
12.4054	0.0359
12.4352	0.0365
12.4651	0.037
12.4951	0.0375
12.5253	0.038
12.5556	0.0384
12.5861	0.0388
12.6167	0.0391
12.6475	0.0394
12.6784	0.0396
12.7095	0.0397
12.7407	0.0398
12.7721	0.0399
12.8036	0.0398
12.8353	0.0396
12.8672	0.0394
12.8992	0.039
12.9313	0.0386
12.9637	0.0381
12.9962	0.0376
13.0288	0.0371
13.0616	0.0366
13.0946	0.0361
13.1278	0.0356
13.1611	0.0352
13.1946	0.0348
13.2282	0.0345
13.2621	0.0342
13.2961	0.0339
13.3302	0.0337
13.3646	0.0334
13.3991	0.0332
13.4339	0.033
13.4687	0.0327
13.5038	0.0325
13.5391	0.0323
13.5745	0.0321
13.6101	0.0319
13.646	0.0317
13.682	0.0315
13.7182	0.0314
13.7546	0.0312
13.7911	0.0311
13.8279	0.031
13.8649	0.0308
13.9021	0.0307
13.9394	0.0306
13.977	0.0304
14.0148	0.0303
14.0528	0.0301
14.0909	0.03
14.1293	0.0299
14.1679	0.0299
14.2068	0.0299
14.2458	0.0298
14.285	0.0299
14.3245	0.0299
14.3642	0.03
14.4041	0.0302
14.4442	0.0304
14.4845	0.0306
14.5251	0.0308
14.5659	0.0311
14.6069	0.0313
14.6482	0.0315
14.6897	0.0317
14.7314	0.032
14.7734	0.0323
14.8156	0.0327
14.8581	0.033
14.9008	0.0333
14.9437	0.0334
14.9869	0.0333
15.0303	0.0331
15.074	0.0329
15.118	0.0326
15.1622	0.0323
15.2066	0.0321
15.2514	0.032
15.2964	0.0319
15.3416	0.0319
15.3871	0.0318
15.4329	0.0318
15.479	0.0318
15.5253	0.0318
15.572	0.0318
15.6189	0.0318
15.6661	0.0318
15.7135	0.0319
15.7613	0.0319
15.8093	0.032
15.8577	0.032
15.9063	0.0322
15.9553	0.0324
16.0045	0.0326
16.0541	0.033
16.1039	0.0333
16.1541	0.0336
16.2046	0.0339
16.2554	0.0342
16.3065	0.0345
16.3579	0.0349
16.4097	0.0353
16.4618	0.0358
16.5142	0.0364
16.567	0.0372
16.6201	0.0382
16.6735	0.0392
16.7273	0.0404
16.7814	0.0418
16.8359	0.0432
16.8908	0.0447
16.946	0.0463
17.0015	0.0478
17.0575	0.0493
17.1138	0.0507
17.1704	0.0523
17.2275	0.054
17.2849	0.056
17.3427	0.0583
17.4009	0.0608
17.4595	0.0636
17.5185	0.0666
17.5779	0.0697
17.6376	0.0728
17.6978	0.0759
17.7584	0.0792
17.8195	0.0827
17.8809	0.0862
17.9428	0.0898
18.0051	0.0933
18.0678	0.0966
18.131	0.0998
18.1946	0.1031
18.2587	0.1065
18.3232	0.11
18.3882	0.1134
18.4536	0.1166
18.5195	0.1195
18.5859	0.1222
18.6528	0.125
18.7201	0.1281
18.7879	0.132
18.8562	0.1369
18.9251	0.1427
18.9944	0.1491
19.0642	0.1557
19.1346	0.1622
19.2054	0.1685
19.2768	0.1748
19.3488	0.1816
19.4212	0.1892
19.4942	0.1979
19.5678	0.2075
19.6419	0.218
19.7166	0.2292
19.7919	0.2413
19.8677	0.2547
19.9441	0.2699